AgeExitRateM
0.316149073128891000	0.316149073128891000	0.496311859621051000	0.597854465582709000	0.650082787625512000	0.677310184257828000
0.285022969884672000	0.285022969884672000	0.392952030588129000	0.503648219905172000	0.563151039006156000	0.594817139985104000
0.205310611247465000	0.205310611247465000	0.287818949092481000	0.400715742485498000	0.465050218710077000	0.500239481994966000
0.191655380088646000	0.191655380088646000	0.185681327796778000	0.250112044962509000	0.302301767678881000	0.327806137987281000
0.186157149412231000	0.186157149412231000	0.157138342621833000	0.183050478158157000	0.212705871269681000	0.232552309879035000
0.188475880673841000	0.188475880673841000	0.158196554194425000	0.165396085243724000	0.180004931802591000	0.199206455265603000
0.187281244479957000	0.187281244479957000	0.155779764745383000	0.153093911866401000	0.157441673233455000	0.173417924900405000
0.185194658559140000	0.185194658559140000	0.160425175757986000	0.155433467247719000	0.153227040917068000	0.168719552841773000
0.186823239505617000	0.186823239505617000	0.160648849628069000	0.158240934068853000	0.155238335330375000	0.161176727679316000
0.178525201112575000	0.178525201112575000	0.155130309904146000	0.154302644108232000	0.152782672839266000	0.159512130995403000
0.186531309325184000	0.186531309325184000	0.078474365148996100	0.132187402659985000	0.150159620686377000	0.151735643698219000
0.168303081497113000	0.168303081497113000	0.042853407908020700	0.069438884864487200	0.092075084012623400	0.104997296175777000
0.160800820488676000	0.160800820488676000	0.027371345889191000	0.039465378270051300	0.053184311106085700	0.071462837062625300
0.132466869522543000	0.132466869522543000	0.020567250056901200	0.026666341732545200	0.035729962121325600	0.057246118604259100
0.115410486257268000	0.115410486257268000	0.009616623881150950	0.011476186689773600	0.015336534750510500	0.027724886791115700
0.000000000000000000	0.000000000000000000	0.000000000000000000	0.000000000000000000	0.000000000000000000	0.000000000000000000
AgeExitRateF
0.297417862781112000	0.297417862781112000	0.385063651755393000	0.473946166330872000	0.531667841878024000	0.562419811806377000
0.256750828202823000	0.256750828202823000	0.280141016519152000	0.369520627083974000	0.430712216655270000	0.464245262945660000
0.197797624650933000	0.197797624650933000	0.183302730197036000	0.265166250909055000	0.325274177172955000	0.359470543
0.195455565954046000	0.195455565954046000	0.154624239288910000	0.186229288264044000	0.221222025126691000	0.24867902
0.189404048862299000	0.189404048862299000	0.145970125087863000	0.157900080581861000	0.175015105651455000	0.194097174
0.192759224070498000	0.192759224070498000	0.147086900876769000	0.151818711425475000	0.160649244196935000	0.18204166
0.191653554817394000	0.191653554817394000	0.135598978541131000	0.136084771859685000	0.140559849863559000	0.161241171
0.190097605131913000	0.190097605131913000	0.129938139700116000	0.132485011176305000	0.133913253660553000	0.154599905
0.191788926267879000	0.191788926267879000	0.117234009946629000	0.123272203386588000	0.124786468615580000	0.140306396
0.182483148233864000	0.182483148233864000	0.092675190654453400	0.103783647106528000	0.108337197006431000	0.124835914
0.190386165050179000	0.190386165050179000	0.066124823552038600	0.093609288946429900	0.103683849285781000	0.107068785
0.173349116935957000	0.173349116935957000	0.037043686405923300	0.052943678757734400	0.064782540673975200	0.071233247
0.169490109375186000	0.169490109375186000	0.020671572110195300	0.028585362036994700	0.037396369936207500	0.047151127
0.141993935617246000	0.141993935617246000	0.013403939749944600	0.017107451314653300	0.022651035243174900	0.034639359
0.128385057386828000	0.128385057386828000	0.007205868729247130	0.008559985798331520	0.011475116092572300	0.018668523
0.000000000000000000	0.000000000000000000	0.000000000000000000	0.000000000000000000	0.000000000000000000	0.0
VirginAgeExitRate
0.192475717710572000	0.190602343285215000
0.139704872959157000	0.101085253285384000
0.076332341582983000	0.080435110064844000
0.00	0.00
0.00	0.00
0.00	0.00
0.00	0.00
0.00	0.00
0.00	0.00
0.00	0.00
0.00	0.00
0.00	0.00
0.00	0.00
0.00	0.00
0.00	0.00
0.00	0.00

