ANC data (sentinel)
FPC data
GUD data
1986	240	0.683	0.690	1.000	0.00490	0.00000	0	0.000
1988	100	0.220	0.690	1.000	0.00490	0.00000	1	0.050
1993	180	0.172	0.950	1.000	0.00040	0.00000	1	0.133
1993	159	0.214	0.950	1.000	0.00040	0.00000	1	0.478
1993	199	0.533	0.950	1.000	0.00040	0.00000	1	0.578
1993	232	0.694	0.950	1.000	0.00040	0.00000	1	0.543
1995	40	0.125	0.690	1.000	0.00490	0.00000	0	0.000
1998	186	0.505	0.950	1.000	0.00040	0.00000	1	0.588
1998	186	0.540	0.950	1.000	0.00040	0.00000	1	0.645
1998	400	0.060	0.950	1.000	0.00040	0.00000	1	0.640
2000	438	0.110	0.950	1.000	0.00040	0.00000	1	0.710
CSW data
Household data (sentinel)
ANC data (national)
Household data (national)