     0	     0	   21.9404	  -15.1154
     1	     0	   15.4678	  -7.87393
     2	     0	   24.4045	  -13.9536
     3	     0	   26.6465	  -19.0387
     4	     0	   20.3747	  -9.39842
     5	     0	    18.437	  -10.9067
     6	     0	   22.7851	  -11.4085
     7	     0	   30.8719	  -20.9837
     8	     0	   22.1892	  -13.2739
     9	     0	   29.1598	  -15.9331
    10	     0	   23.3873	  -12.1107
    11	     0	   22.9842	  -17.5771
    12	     0	   23.0877	  -11.9623
    13	     0	   27.6731	  -20.9752
    14	     0	   19.9703	  -9.65021
    15	     0	   18.3727	  -10.3241
    16	     0	   29.3532	  -16.6484
    17	     0	   21.1034	  -8.86461
    18	     0	   20.9954	  -11.0516
    19	     0	   31.8177	  -16.0179
    20	     0	   26.4909	   -14.425
    21	     0	   29.3379	   -17.471
    22	     0	   24.5216	  -11.7258
    23	     0	   25.3361	  -21.2003
    24	     0	   19.9703	  -9.65021
    25	     0	   23.8864	  -16.2305
    26	     0	    23.254	  -12.3596
    27	     0	   20.4926	  -11.5602
    28	     0	   16.4506	  -13.1749
    29	     0	   31.8177	  -16.0179
    30	     0	   26.6663	  -14.8987
    31	     0	   25.7827	  -18.2815
    32	     0	   25.3594	  -13.1989
    33	     0	   28.9477	  -24.9042
    34	     0	   19.2376	  -9.44514
    35	     0	   27.1514	  -17.5157
    36	     0	   18.9191	  -9.41147
    37	     0	   23.4832	  -9.99305
    38	     0	   19.4124	  -10.5983
    39	     0	   31.8177	  -16.0179
    40	     0	   18.8105	  -8.66646
    41	     0	    27.606	  -14.9261
    42	     0	   20.2297	  -11.3594
    43	     0	   20.7999	  -12.0247
    44	     0	   25.5979	  -13.8035
    45	     0	   24.7138	  -15.3091
    46	     0	   15.6514	  -6.92841
    47	     0	   20.9432	  -10.2787
    48	     0	   20.9707	  -17.2818
    49	     0	   31.8177	  -16.0179
    50	     0	   26.5054	  -16.0538
    51	     0	   30.8282	  -17.7495
    52	     0	    23.184	  -11.4565
    53	     0	   25.6485	  -15.2842
    54	     0	   19.9028	  -9.08063
    55	     0	   26.9218	  -17.1469
    56	     0	   25.9368	  -12.8266
    57	     0	   20.1295	   -10.348
    58	     0	   17.8265	   -11.779
    59	     0	   33.8717	  -18.1564
    60	     0	   18.2287	  -9.21048
    61	     0	   25.3228	  -15.9074
    62	     0	   19.1381	  -10.3341
    63	     0	   19.1954	  -7.55603
    64	     0	   19.8163	  -11.6767
    65	     0	   26.1576	  -13.6882
    66	     0	   22.3507	  -14.3653
    67	     0	   16.0497	  -10.1074
    68	     0	   19.3461	  -8.68452
    69	     0	   28.5875	   -13.131
    70	     0	   20.4544	  -11.0393
    71	     0	     23.33	  -14.9339
    72	     0	   17.5859	  -8.26509
    73	     0	   29.2779	  -18.5544
    74	     0	   27.5692	  -17.5083
    75	     0	   27.8211	  -22.2084
    76	     0	   22.6027	  -11.8994
    77	     0	   18.6504	   -14.563
    78	     0	    17.502	  -8.69089
    79	     0	   21.5816	  -11.4102
    80	     0	   19.0656	  -17.7609
    81	     0	   14.5355	  -8.69454
    82	     0	    22.175	  -10.9358
    83	     0	   22.3819	  -20.7103
    84	     0	   20.0625	  -10.7716
    85	     0	   27.1754	   -15.383
    86	     0	   19.1352	  -11.4127
    87	     0	   18.4196	  -15.3114
    88	     0	   23.2832	  -16.3287
    89	     0	   30.0756	  -17.4521
    90	     0	   29.1163	  -22.8361
    91	     0	   18.9224	  -14.9316
    92	     0	   21.6601	  -12.7961
    93	     0	   19.7052	  -16.5538
    94	     0	   26.9395	  -14.3748
    95	     0	   21.4064	  -11.6439
    96	     0	   25.7739	  -19.1559
    97	     0	   24.9642	  -14.6496
    98	     0	   16.3043	  -8.30696
    99	     0	   23.2007	  -11.0906
   100	     0	   30.9636	  -21.3578
   101	     0	   22.5274	  -16.1767
   102	     0	   24.5909	  -14.1942
   103	     0	   27.5862	  -22.3209
   104	     0	   23.3314	  -11.7822
   105	     0	    19.264	  -14.9311
   106	     0	    18.739	  -8.59022
   107	     0	   23.3302	  -11.2386
   108	     0	   22.4878	  -14.2484
   109	     0	   22.7477	  -10.1746
   110	     0	   27.0784	  -15.5998
   111	     0	   18.8778	  -13.9817
   112	     0	   25.2898	  -16.2622
   113	     0	   27.2831	  -18.1155
   114	     0	   27.3092	  -12.2836
   115	     0	   28.9957	   -16.603
   116	     0	   20.5793	  -9.87552
   117	     0	   29.7882	  -21.0478
   118	     0	   23.1639	  -12.2919
   119	     0	    23.801	  -11.9242
   120	     0	   29.2949	  -14.9007
   121	     0	   17.1513	  -11.1307
   122	     0	   30.1505	  -18.6916
   123	     0	   25.2549	  -16.4431
   124	     0	   18.3495	  -10.0969
   125	     0	   24.2784	  -13.1612
   126	     0	   23.2801	  -18.9123
   127	     0	   29.2763	  -18.5495
   128	     0	   14.8233	  -6.83181
   129	     0	   25.5355	   -9.8369
   130	     0	   24.2755	  -11.8602
   131	     0	   22.0733	  -10.3897
   132	     0	   24.3865	  -14.0512
   133	     0	   26.9032	  -16.1677
   134	     0	   15.2175	  -7.16739
   135	     0	   26.7061	  -17.0597
   136	     0	   19.2248	  -10.4538
   137	     0	    19.762	  -11.9805
   138	     0	   26.2344	  -13.5337
   139	     0	   29.7807	  -20.7398
   140	     0	    27.701	  -16.2952
   141	     0	   19.7756	  -10.2184
   142	     0	   23.6415	  -14.2707
   143	     0	   21.1403	  -12.8829
   144	     0	   15.4722	  -8.68049
   145	     0	    28.764	  -15.8248
   146	     0	   16.2625	  -11.7477
   147	     0	    25.684	  -12.8713
   148	     0	   24.8507	  -12.9067
   149	     0	   31.0701	  -18.9959
   150	     0	   22.8342	  -13.2075
   151	     0	   21.1677	  -11.6114
   152	     0	   25.0948	   -20.142
   153	     0	   27.6325	  -15.0791
   154	     0	   17.2613	  -8.56618
   155	     0	    22.298	   -12.031
   156	     0	    23.979	  -17.0015
   157	     0	   22.3575	  -14.3299
   158	     0	   20.8556	  -10.2205
   159	     0	   22.1168	  -10.1806
   160	     0	   23.3298	  -17.1119
   161	     0	   21.1677	  -11.6114
   162	     0	   19.4563	  -16.2843
   163	     0	   26.4557	  -16.9325
   164	     0	   23.3028	  -13.0311
   165	     0	   18.3576	  -7.35295
   166	     0	   20.8307	   -16.053
   167	     0	   28.0863	  -17.6641
   168	     0	   26.7938	  -16.2207
   169	     0	   22.3203	  -10.6041
   170	     0	   30.5988	  -20.7115
   171	     0	   19.1768	  -10.8521
   172	     0	   20.7034	  -11.5975
   173	     0	   29.8505	  -19.1444
   174	     0	   25.8439	  -15.1312
   175	     0	   13.1359	  -10.4662
   176	     0	     26.07	   -19.231
   177	     0	   25.7019	  -10.9877
   178	     0	   26.2143	  -12.6282
   179	     0	   29.2072	  -15.8069
   180	     0	   24.8728	  -13.6871
   181	     0	   17.3751	  -8.85007
   182	     0	   26.5718	  -12.6918
   183	     0	   23.7008	  -20.1464
   184	     0	   22.2387	  -13.8131
   185	     0	   29.1748	  -16.0275
   186	     0	   24.5009	  -12.8139
   187	     0	   20.7225	  -9.55015
   188	     0	    26.695	  -18.4907
   189	     0	   24.0344	  -12.1004
   190	     0	   24.2523	  -13.6409
   191	     0	   22.2868	  -11.6671
   192	     0	   29.2816	  -20.4151
   193	     0	   27.7555	  -21.6602
   194	     0	   22.7384	  -14.8134
   195	     0	    24.968	  -12.3506
   196	     0	   21.4353	  -10.1079
   197	     0	   24.3676	  -14.4365
   198	     0	    27.764	  -15.3832
   199	     0	     23.31	  -12.2126
   200	     0	   19.2158	  -14.9534
   201	     0	   21.3929	  -13.9588
   202	     0	   23.7533	  -13.7814
   203	     0	   22.0885	   -10.682
   204	     0	   16.2397	  -9.46418
   205	     0	    28.289	  -13.5596
   206	     0	   19.8735	  -8.68116
   207	     0	   16.3116	  -12.7458
   208	     0	   21.3022	  -13.5002
   209	     0	   22.2616	  -12.6788
   210	     0	   21.4582	  -14.9883
   211	     0	   24.1417	  -16.2651
   212	     0	   10.7717	  -6.64256
   213	     0	   20.2778	  -13.3182
   214	     0	   24.2688	  -17.6593
   215	     0	   31.2912	  -14.9007
   216	     0	   15.4067	  -6.94516
   217	     0	   18.5476	  -9.68723
   218	     0	   20.1573	   -11.429
   219	     0	   19.9606	  -10.2421
   220	     0	   28.7769	  -22.0941
   221	     0	   21.2855	  -16.6608
   222	     0	   17.7155	   -12.787
   223	     0	   16.0181	  -7.25759
   224	     0	   18.4728	  -10.4885
   225	     0	   33.0639	  -17.0995
   226	     0	   21.1856	  -13.9863
   227	     0	   21.9838	  -12.1675
   228	     0	   26.8819	  -19.6102
   229	     0	   23.7711	  -16.1449
   230	     0	   31.1864	  -27.1818
   231	     0	   18.1066	  -9.14948
   232	     0	   18.3018	  -11.0572
   233	     0	   17.5629	  -8.22241
   234	     0	   18.7072	  -12.6279
   235	     0	   30.9546	   -20.132
   236	     0	   24.9855	  -14.5436
   237	     0	   22.9582	  -16.6886
   238	     0	   24.4716	  -20.5675
   239	     0	   24.7145	  -15.9976
   240	     0	   22.0848	  -11.8674
   241	     0	    19.655	  -16.0131
   242	     0	   18.4256	  -19.1021
   243	     0	   26.8078	  -14.4424
   244	     0	   22.0877	  -15.3769
   245	     0	   22.9539	  -11.0877
   246	     0	   27.0691	  -16.7296
   247	     0	   25.6296	  -15.7597
   248	     0	   21.5251	  -12.8597
   249	     0	      22.6	  -14.1087
   250	     0	   20.4741	  -15.0384
   251	     0	   16.7759	   -5.7752
   252	     0	   15.2771	  -8.60916
   253	     0	   25.4489	  -13.3266
   254	     0	   20.8392	  -13.8342
   255	     0	   28.5999	  -15.3564
   256	     0	   29.5689	  -23.0969
   257	     0	   21.3625	  -9.59736
   258	     0	   27.3092	  -18.9157
   259	     0	   22.2856	  -12.2475
   260	     0	   23.4016	  -14.1734
   261	     0	   18.5481	  -8.59215
   262	     0	   20.6537	  -10.2669
   263	     0	   25.7999	  -13.8559
   264	     0	   23.2571	  -13.8289
   265	     0	   28.5999	  -15.3564
   266	     0	   27.0481	   -16.836
   267	     0	   24.9969	  -14.9973
   268	     0	   23.6652	  -12.3228
   269	     0	   20.3328	  -12.4029
   270	     0	   24.2648	  -13.1715
   271	     0	   18.3682	  -14.3699
   272	     0	   18.9563	  -9.31323
   273	     0	    25.094	  -13.5288
   274	     0	   10.8955	  -8.72532
   275	     0	   27.5134	  -20.6126
   276	     0	   28.8377	  -16.5737
   277	     0	   18.4147	  -10.1646
   278	     0	   32.4272	  -20.3533
   279	     0	    26.189	  -18.6236
   280	     0	   21.8594	  -12.0901
   281	     0	   21.1378	  -11.9672
   282	     0	   19.7081	  -10.3609
   283	     0	   30.6073	  -16.3525
   284	     0	   19.9471	  -11.4254
   285	     0	   31.6967	  -21.9864
   286	     0	   26.4708	  -13.4937
   287	     0	   30.5627	  -22.8482
   288	     0	   30.2549	  -20.9631
   289	     0	    18.232	  -9.18445
   290	     0	   26.0464	  -14.7512
   291	     0	    19.015	   -8.2384
   292	     0	   24.6528	  -14.0292
   293	     0	   27.4245	  -13.2654
   294	     0	   19.7686	  -10.7507
   295	     0	   31.6967	  -21.9864
   296	     0	   21.0351	  -9.78238
   297	     0	   29.0135	   -17.921
   298	     0	   22.0233	   -13.849
   299	     0	   18.3247	  -8.63804
   300	     0	   23.4696	  -12.1912
   301	     0	   17.8945	  -6.90482
   302	     0	   25.1146	  -14.6167
   303	     0	   25.4232	  -14.5213
   304	     0	   22.5683	  -12.6395
   305	     0	   31.6967	  -21.9864
   306	     0	   17.4598	  -8.59595
   307	     0	   30.3096	  -22.1384
   308	     0	   27.0409	  -18.5479
   309	     0	   15.3305	  -9.99256
   310	     0	   19.1252	  -6.76931
   311	     0	   17.2835	  -7.69202
   312	     0	   23.6319	  -14.7104
   313	     0	     29.65	  -19.4059
   314	     0	   21.9351	  -13.6492
   315	     0	   31.6967	  -21.9864
   316	     0	   22.0278	  -10.4217
   317	     0	   21.1514	  -13.1216
   318	     0	   27.2671	  -17.7115
   319	     0	   20.8312	  -15.3884
   320	     0	   26.6059	  -20.7552
   321	     0	   19.8211	  -10.2319
   322	     0	   17.8345	  -11.2768
   323	     0	   27.9789	  -17.4107
   324	     0	   22.2985	  -11.3341
   325	     0	   31.6967	  -21.9864
   326	     0	   28.1891	  -15.8415
   327	     0	   26.6977	  -14.2746
   328	     0	   27.9116	  -14.6979
   329	     0	   20.6728	  -11.1686
   330	     0	   18.3245	  -10.7785
   331	     0	   18.9545	  -10.9026
   332	     0	   27.7162	  -12.3298
   333	     0	   26.6666	  -25.7257
   334	     0	   26.5502	  -15.8669
   335	     0	   23.3908	  -18.2703
   336	     0	   26.9043	   -15.179
   337	     0	   21.5439	  -12.5271
   338	     0	   23.3191	  -11.9071
   339	     0	   27.5059	  -17.0114
   340	     0	   16.0661	  -8.21381
   341	     0	   23.2159	  -12.7794
   342	     0	   26.8932	  -17.4064
   343	     0	   26.3145	  -16.2794
   344	     0	   17.1788	  -10.6789
   345	     0	   29.0301	  -18.4456
   346	     0	   26.9043	   -15.179
   347	     0	   24.2077	  -15.2731
   348	     0	   27.0174	  -15.8504
   349	     0	   25.7457	  -12.6777
   350	     0	   24.9967	  -13.5745
   351	     0	   26.1635	  -18.0885
   352	     0	   32.5825	  -21.3307
   353	     0	     30.87	  -17.0064
   354	     0	   23.3419	  -13.5563
   355	     0	   26.8073	  -17.2346
   356	     0	   30.4773	  -21.3017
   357	     0	   21.3743	  -11.4193
   358	     0	   24.1814	  -14.5395
   359	     0	   24.6217	  -12.3251
   360	     0	   29.1441	  -16.0049
   361	     0	   21.8507	  -11.1218
   362	     0	   23.3602	  -13.6668
   363	     0	    31.257	  -24.8489
   364	     0	   22.6432	  -12.4095
   365	     0	     22.06	  -14.7293
   366	     0	   19.8953	  -14.7149
   367	     0	   28.6653	  -18.0984
   368	     0	   26.3757	  -11.9505
   369	     0	    27.014	  -12.0711
   370	     0	   29.7561	  -16.2015
   371	     0	   26.2657	  -14.3535
   372	     0	   20.6537	  -17.4362
   373	     0	   27.9188	  -17.3469
   374	     0	   25.6021	  -16.1038
   375	     0	   30.7437	  -23.6803
   376	     0	   18.7007	  -10.9553
   377	     0	   26.2378	  -13.1378
   378	     0	    23.385	  -12.7096
   379	     0	   23.7932	  -14.6757
   380	     0	   22.5732	  -14.4693
   381	     0	   20.0055	  -9.17494
   382	     0	   20.1415	  -9.32613
   383	     0	   23.2951	  -21.9265
   384	     0	   27.7024	   -14.723
   385	     0	   26.1242	  -17.1233
   386	     0	   24.6241	  -16.4541
   387	     0	    20.182	  -10.0123
   388	     0	   21.3427	  -9.78369
   389	     0	   28.8111	   -15.405
   390	     0	    27.282	  -13.0688
   391	     0	   28.3968	  -18.7052
   392	     0	   29.7714	  -18.0192
   393	     0	    27.025	  -15.0379
   394	     0	   27.7024	   -14.723
   395	     0	   24.3235	   -20.771
   396	     0	    23.072	  -18.1823
   397	     0	    21.343	  -12.5584
   398	     0	   16.0404	  -9.62377
   399	     0	   29.5299	  -14.6385
   400	     0	   18.5044	   -17.133
   401	     0	    25.894	  -15.0696
   402	     0	   25.2145	    -11.75
   403	     0	   32.2591	  -18.6983
   404	     0	   28.6385	  -18.3282
   405	     0	    20.034	   -13.132
   406	     0	   15.7821	  -6.93753
   407	     0	     27.33	  -18.6073
   408	     0	   23.8881	  -9.75377
   409	     0	   30.3975	   -13.971
   410	     0	   18.5266	  -12.7147
   411	     0	    25.888	  -15.9817
   412	     0	   29.1655	  -20.7227
   413	     0	   22.7395	  -11.2531
   414	     0	   27.7792	  -19.9199
   415	     0	   29.0163	  -15.0588
   416	     0	   18.9363	   -9.2322
   417	     0	   17.4146	  -11.8318
   418	     0	   22.2419	  -17.4137
   419	     0	   25.0211	  -13.4746
   420	     0	   22.5795	  -18.3266
   421	     0	   24.0311	  -14.8217
   422	     0	   18.0496	   -10.545
   423	     0	   27.2587	  -17.2245
   424	     0	   30.9512	  -20.7397
   425	     0	   21.4508	  -13.5915
   426	     0	   18.2164	  -11.7653
   427	     0	   20.9023	  -16.3247
   428	     0	   19.1323	  -11.2581
   429	     0	   22.9081	  -11.6499
   430	     0	   18.5422	  -13.5325
   431	     0	   27.4366	  -17.6422
   432	     0	   16.8207	  -6.08078
   433	     0	   27.2976	  -18.6799
   434	     0	   27.2987	  -17.3485
   435	     0	   25.8584	  -10.4529
   436	     0	   22.7245	  -11.3651
   437	     0	    20.715	    -13.22
   438	     0	   16.7247	  -8.03715
   439	     0	   17.6079	   -9.9192
   440	     0	   22.9665	   -15.236
   441	     0	   21.1432	  -13.5925
   442	     0	   22.6234	  -12.7063
   443	     0	   23.5413	  -11.4277
   444	     0	   24.9722	  -14.2963
   445	     0	   24.6101	  -13.6563
   446	     0	   19.5331	  -10.9069
   447	     0	   27.5756	  -18.4805
   448	     0	   19.3058	  -11.4928
   449	     0	   28.6012	  -21.2023
   450	     0	   16.4889	  -11.0238
   451	     0	   21.7261	  -23.7236
   452	     0	   24.3723	   -12.918
   453	     0	   25.2397	  -13.3062
   454	     0	   25.7517	  -12.3602
   455	     0	    26.844	  -11.6794
   456	     0	   16.8703	  -7.41868
   457	     0	   15.2285	  -15.9458
   458	     0	   17.7442	  -13.1215
   459	     0	   22.0872	  -10.7831
   460	     0	    21.057	  -13.1571
   461	     0	   15.0445	   -12.458
   462	     0	   22.3754	  -9.05738
   463	     0	   25.9251	  -17.5343
   464	     0	   24.6735	  -11.8631
   465	     0	   27.2211	   -13.638
   466	     0	   21.6598	  -12.8994
   467	     0	   19.9816	  -15.8753
   468	     0	   23.1295	  -13.1278
   469	     0	   25.0963	  -13.0489
   470	     0	   30.3009	  -25.4055
   471	     0	   18.0622	  -9.96778
   472	     0	    27.023	  -15.7294
   473	     0	   22.0695	   -15.241
   474	     0	    24.928	  -13.1798
   475	     0	   28.3261	  -12.1064
   476	     0	   21.0282	  -14.3383
   477	     0	    20.053	  -12.9937
   478	     0	   31.5147	  -17.9632
   479	     0	   31.1033	  -21.2316
   480	     0	   30.8131	  -22.0195
   481	     0	     23.11	  -15.1418
   482	     0	   28.9198	  -18.0863
   483	     0	   24.0212	   -13.089
   484	     0	   24.6578	  -15.1657
   485	     0	   27.7392	  -13.9312
   486	     0	   20.3975	  -7.24347
   487	     0	   18.4284	   -10.374
   488	     0	   23.0512	  -12.8718
   489	     0	   23.1152	  -13.1026
   490	     0	   27.0237	  -16.7598
   491	     0	   22.9064	  -13.7217
   492	     0	   20.7968	  -17.4033
   493	     0	   23.4858	   -10.746
   494	     0	   22.9241	  -11.2028
   495	     0	   25.3754	  -15.6524
   496	     0	   18.7872	  -8.95602
   497	     0	   21.5815	  -11.7888
   498	     0	   27.2659	  -20.0226
   499	     0	   24.1131	  -15.2414
   500	     0	   27.0877	  -15.4533
   501	     0	    21.014	  -12.0249
   502	     0	    24.372	  -15.2016
   503	     0	   21.8359	  -11.4634
   504	     0	   20.6627	  -15.9974
   505	     0	   24.6583	  -12.4095
   506	     0	   23.3209	  -10.1899
   507	     0	   19.1658	  -10.1464
   508	     0	   20.9364	  -18.3786
   509	     0	    22.591	  -10.7715
   510	     0	   30.1951	  -17.9907
   511	     0	   21.9212	  -12.4332
   512	     0	    20.195	  -9.46806
   513	     0	   21.3642	  -17.0372
   514	     0	   20.4364	  -11.4102
   515	     0	   23.1489	  -11.8337
   516	     0	   28.9027	  -18.1783
   517	     0	   21.7082	  -13.6503
   518	     0	   24.0494	  -14.0721
   519	     0	   19.6319	  -10.3467
   520	     0	    28.501	   -17.895
   521	     0	   22.2154	  -15.9713
   522	     0	   30.1964	  -18.1757
   523	     0	   18.1732	  -14.3813
   524	     0	   21.3263	  -10.1692
   525	     0	   19.3179	  -9.59623
   526	     0	   25.5179	  -11.1066
   527	     0	   27.9437	  -21.5471
   528	     0	   24.3362	  -13.9305
   529	     0	   22.1887	  -12.9311
   530	     0	   23.0797	   -12.106
   531	     0	   23.6542	  -13.3035
   532	     0	   28.8363	  -28.8714
   533	     0	    20.006	  -12.0513
   534	     0	    26.059	  -12.0367
   535	     0	   21.2664	  -10.8364
   536	     0	   28.7269	  -14.2229
   537	     0	   31.1104	  -26.6527
   538	     0	   23.3243	  -15.2317
   539	     0	   23.2692	  -13.9424
   540	     0	   29.2515	  -16.9092
   541	     0	   26.6804	  -13.4994
   542	     0	   30.7494	  -19.4997
   543	     0	    21.758	  -10.2484
   544	     0	   20.2711	  -9.96986
   545	     0	   21.8528	  -14.0971
   546	     0	     26.67	  -12.2133
   547	     0	   21.2533	   -13.907
   548	     0	   23.3243	  -15.2317
   549	     0	   17.1649	   -11.503
   550	     0	   28.2108	  -15.5381
   551	     0	   23.7348	  -12.3926
   552	     0	   25.7431	  -16.4463
   553	     0	   24.4511	  -14.4793
   554	     0	   23.0512	  -10.9992
   555	     0	   25.1494	  -13.3064
   556	     0	   22.2792	  -12.4138
   557	     0	   24.0481	  -15.0858
   558	     0	   17.7844	   -9.9903
   559	     0	   24.3068	  -18.7385
   560	     0	   25.0625	   -11.298
   561	     0	   24.5776	  -14.6875
   562	     0	   27.0041	  -16.6394
   563	     0	   22.1367	  -12.0867
   564	     0	   25.0857	  -11.3948
   565	     0	   24.2394	   -12.147
   566	     0	   23.6508	  -11.6199
   567	     0	   23.5718	  -14.3228
   568	     0	   28.3513	   -19.542
   569	     0	   26.6383	  -19.2056
   570	     0	   26.0708	  -16.9128
   571	     0	   26.1934	  -19.5717
   572	     0	   23.3061	  -11.4809
   573	     0	   23.1971	  -12.2658
   574	     0	   29.0123	  -18.9175
   575	     0	   22.8528	  -11.8777
   576	     0	   19.2705	  -11.0665
   577	     0	   18.3736	  -12.1688
   578	     0	   19.6814	  -10.3153
   579	     0	    18.457	  -10.6286
   580	     0	   18.6411	  -9.61762
   581	     0	   29.2839	  -21.5343
   582	     0	   25.1935	  -11.1768
   583	     0	   20.3147	   -10.315
   584	     0	   29.4722	  -19.3719
   585	     0	   26.6229	  -15.0233
   586	     0	   20.1781	  -8.81317
   587	     0	   21.8922	  -12.5099
   588	     0	   18.7062	  -13.7867
   589	     0	   25.1653	  -14.3152
   590	     0	   26.9696	  -20.8855
   591	     0	   22.3734	    -13.82
   592	     0	   26.0193	  -14.5369
   593	     0	   25.7639	  -14.6634
   594	     0	   22.8996	  -15.9689
   595	     0	   25.9906	  -13.6812
   596	     0	   17.8504	  -9.79431
   597	     0	   22.2781	  -10.1395
   598	     0	   21.3913	  -11.3476
   599	     0	   27.2114	  -12.1283
   600	     0	   20.3808	  -16.5007
   601	     0	   24.3086	  -16.6459
   602	     0	   22.1782	  -13.4551
   603	     0	   25.6419	  -11.8512
   604	     0	   24.6494	  -13.4319
   605	     0	   22.4437	  -11.4134
   606	     0	   13.8731	  -13.1458
   607	     0	   22.5642	  -12.7727
   608	     0	   27.8607	  -17.3487
   609	     0	   30.0692	  -13.7205
   610	     0	   22.6106	  -17.3264
   611	     0	   26.0474	  -15.3928
   612	     0	   25.9325	  -15.7735
   613	     0	   22.1828	  -10.0487
   614	     0	   26.5258	  -15.3071
   615	     0	   24.2957	  -12.8507
   616	     0	   21.1477	  -13.9049
   617	     0	    14.442	  -5.38897
   618	     0	   22.1564	  -18.7387
   619	     0	   21.0942	  -11.5903
   620	     0	   16.5826	  -10.4066
   621	     0	   22.6688	  -11.9741
   622	     0	   28.5645	  -17.4284
   623	     0	   21.2222	   -10.963
   624	     0	   21.8944	  -14.9813
   625	     0	   21.2805	  -9.47906
   626	     0	   27.0534	  -18.4496
   627	     0	   23.4031	  -11.4075
   628	     0	   27.9615	  -20.5001
   629	     0	   20.9254	  -11.0138
   630	     0	   20.0322	  -21.3751
   631	     0	   27.0086	    -12.45
   632	     0	   28.5645	  -17.4284
   633	     0	   24.0451	  -12.5214
   634	     0	    28.039	  -15.0254
   635	     0	    24.971	  -14.7367
   636	     0	   25.1415	  -16.3132
   637	     0	   18.9777	  -12.4196
   638	     0	   27.9615	  -20.5001
   639	     0	   18.9969	  -10.6914
   640	     0	   23.5805	  -15.1522
   641	     0	   26.0772	  -14.1581
   642	     0	   25.7414	  -15.6491
   643	     0	   25.6406	  -15.8645
   644	     0	   24.3637	   -14.929
   645	     0	   28.4799	   -19.011
   646	     0	   18.1595	  -8.76206
   647	     0	   20.1165	  -12.9154
   648	     0	   25.7167	  -18.9645
   649	     0	   23.7562	  -17.9241
   650	     0	   26.1112	  -14.3044
   651	     0	   27.2319	   -14.121
   652	     0	   25.7414	  -15.6491
   653	     0	   25.6395	    -15.97
   654	     0	   19.1075	  -6.69939
   655	     0	   28.4799	   -19.011
   656	     0	   23.0587	    -14.23
   657	     0	   21.0867	  -9.03506
   658	     0	   26.2957	  -14.0907
   659	     0	   23.6538	  -14.0164
   660	     0	   22.0758	  -12.7456
   661	     0	   22.5896	  -10.7125
   662	     0	   15.8278	   -8.2721
   663	     0	   22.4917	  -11.3844
   664	     0	   26.0014	  -14.3715
   665	     0	   24.2407	  -18.3143
   666	     0	   22.9295	  -12.9463
   667	     0	   29.2417	  -19.1639
   668	     0	   21.7354	  -12.5897
   669	     0	   23.9014	  -12.0891
   670	     0	   25.5612	  -16.8038
   671	     0	    28.944	   -21.171
   672	     0	   22.1901	  -11.4301
   673	     0	   27.7623	  -17.2841
   674	     0	   31.5903	  -21.3891
   675	     0	   18.1186	  -13.0417
   676	     0	   19.5078	  -16.6997
   677	     0	    26.337	  -18.3349
   678	     0	   28.7598	   -26.316
   679	     0	   28.1385	   -16.632
   680	     0	   23.8888	  -28.3396
   681	     0	   23.9732	  -11.2072
   682	     0	   20.7486	  -13.0756
   683	     0	   27.7623	  -17.2841
   684	     0	   25.7693	  -12.5598
   685	     0	   25.8283	  -14.1158
   686	     0	   17.8408	  -8.38165
   687	     0	   19.7458	  -11.6559
   688	     0	   21.0593	  -17.4762
   689	     0	   21.6111	    -10.78
   690	     0	   32.0993	  -23.6877
   691	     0	   18.1824	  -8.39921
   692	     0	   26.7037	  -20.2688
   693	     0	   27.4392	  -16.5196
   694	     0	   23.0976	  -11.8999
   695	     0	   24.1224	  -16.3535
   696	     0	   28.2738	  -14.3832
   697	     0	   23.0518	  -12.3004
   698	     0	    23.941	  -17.1611
   699	     0	   20.8883	  -9.74343
   700	     0	   25.0023	    -11.29
   701	     0	   14.1523	  -8.95917
   702	     0	   27.3917	  -18.6477
   703	     0	   28.9865	  -14.1226
   704	     0	   18.0838	  -8.89412
   705	     0	   35.0481	   -24.824
   706	     0	   25.0674	  -13.1887
   707	     0	   21.4167	  -12.9025
   708	     0	   23.9977	  -16.0662
   709	     0	   21.1689	  -8.57527
   710	     0	   27.8668	  -14.6105
   711	     0	   12.9372	  -7.88775
   712	     0	   20.7322	  -10.1218
   713	     0	   24.7415	  -14.7476
   714	     0	   25.4395	   -16.857
   715	     0	   30.7206	  -21.5464
   716	     0	   22.4473	  -13.3773
   717	     0	   22.5712	  -12.0732
   718	     0	   22.4972	  -9.63532
   719	     0	   21.5416	  -10.7701
   720	     0	   25.7987	  -12.4042
   721	     0	   15.3689	  -7.37131
   722	     0	   21.3215	  -10.4612
   723	     0	   18.4897	  -9.25271
   724	     0	   28.8826	  -17.4709
   725	     0	   29.7232	  -16.8119
   726	     0	   21.9735	  -13.7829
   727	     0	    22.098	  -11.8448
   728	     0	    29.447	   -21.643
   729	     0	   23.5788	   -8.9049
   730	     0	   21.8545	  -8.71647
   731	     0	   14.9312	  -5.76962
   732	     0	   19.6134	  -12.8297
   733	     0	   22.1734	  -12.3846
   734	     0	   24.5355	  -16.0174
   735	     0	   17.1499	  -13.5818
   736	     0	    23.038	  -13.4291
   737	     0	   24.0451	  -14.0667
   738	     0	   25.1977	  -14.3608
   739	     0	   23.5776	  -12.9428
   740	     0	   26.8764	  -15.5036
   741	     0	   12.0214	  -4.04565
   742	     0	   20.9779	   -9.1438
   743	     0	   16.8636	  -8.89683
   744	     0	   20.7142	  -9.05829
   745	     0	   16.3804	  -10.1787
   746	     0	   24.4894	  -16.4075
   747	     0	   19.0025	  -11.5207
   748	     0	    28.925	  -19.8185
   749	     0	   16.6873	  -10.0837
   750	     0	    28.672	  -15.3073
   751	     0	   15.5457	  -9.77765
   752	     0	   23.2026	  -14.7005
   753	     0	   22.1678	  -14.5148
   754	     0	   26.0082	  -13.3439
   755	     0	   13.8168	  -10.2482
   756	     0	   25.6762	  -17.0013
   757	     0	   24.7646	  -10.9484
   758	     0	   28.4435	  -14.2282
   759	     0	   15.9664	  -7.60385
   760	     0	    28.672	  -15.3073
   761	     0	   21.6331	  -14.2344
   762	     0	   26.0571	  -13.7158
   763	     0	   26.9449	   -20.147
   764	     0	   26.4039	  -15.5967
   765	     0	   19.9823	  -10.0583
   766	     0	   21.7317	  -12.4249
   767	     0	   23.1219	  -11.2311
   768	     0	   20.0538	  -9.91579
   769	     0	   15.9305	  -8.11016
   770	     0	   21.6423	   -8.6023
   771	     0	   24.7502	  -18.8303
   772	     0	   26.7426	   -15.404
   773	     0	   21.7306	  -11.2118
   774	     0	   26.0578	  -12.7581
   775	     0	   25.8987	   -19.814
   776	     0	   18.1216	  -7.96845
   777	     0	   20.5664	  -9.37844
   778	     0	   25.6799	  -15.7163
   779	     0	   17.6391	  -9.26049
   780	     0	   21.7989	  -9.17405
   781	     0	   25.4652	  -17.3696
   782	     0	   24.2001	  -12.3688
   783	     0	   20.4657	  -17.1014
   784	     0	   26.0578	  -12.7581
   785	     0	     26.58	  -15.3024
   786	     0	   21.1445	  -8.95545
   787	     0	   23.3752	  -19.9304
   788	     0	   27.1644	  -15.3608
   789	     0	   15.5048	  -7.07748
   790	     0	   23.7242	  -12.0857
   791	     0	   21.0034	  -11.9017
   792	     0	   21.2322	  -16.4025
   793	     0	    19.611	  -14.3604
   794	     0	   24.9597	  -13.2055
   795	     0	   24.7877	  -18.6804
   796	     0	   22.4465	  -9.99838
   797	     0	   25.9544	  -12.0588
   798	     0	   25.2177	  -11.7197
   799	     0	   14.4315	  -7.47992
   800	     0	   24.4865	  -12.2781
   801	     0	   19.1108	  -11.2157
   802	     0	   19.8982	  -15.6599
   803	     0	    27.769	  -20.2799
   804	     0	   24.2708	   -12.133
   805	     0	   25.6589	  -16.9751
   806	     0	   22.9106	  -14.9556
   807	     0	   23.0371	  -12.5436
   808	     0	    21.577	   -9.6659
   809	     0	   17.1718	   -10.176
   810	     0	   24.4977	  -14.6378
   811	     0	   23.4773	  -14.0685
   812	     0	   18.6544	  -12.0925
   813	     0	   27.8919	  -19.2876
   814	     0	   22.0902	  -11.7833
   815	     0	   26.5296	  -21.0607
   816	     0	   20.6693	  -12.8137
   817	     0	   24.2313	   -16.701
   818	     0	   22.5047	  -10.9208
   819	     0	   21.6531	  -9.28933
   820	     0	   24.9361	  -14.4531
   821	     0	   21.1263	    -10.18
   822	     0	   14.6436	  -6.50748
   823	     0	    28.547	   -14.532
   824	     0	   9.47286	  -6.46055
   825	     0	   21.2269	  -19.8274
   826	     0	   22.7785	  -14.2929
   827	     0	   22.9202	   -11.787
   828	     0	   18.9466	  -7.83778
   829	     0	   26.6984	   -13.394
   830	     0	   21.0963	  -13.4281
   831	     0	   21.5022	  -11.3925
   832	     0	   18.6374	  -10.1344
   833	     0	   29.5084	  -16.7106
   834	     0	   13.1565	  -6.89627
   835	     0	   20.4892	  -17.6624
   836	     0	   27.1699	  -20.5846
   837	     0	   15.6014	   -8.9355
   838	     0	   24.6294	  -10.6952
   839	     0	   24.6358	  -13.5904
   840	     0	   18.8442	  -10.7993
   841	     0	   27.8421	  -15.4817
   842	     0	   17.9868	  -13.2456
   843	     0	   32.7692	  -16.9971
   844	     0	   17.0696	  -8.59766
   845	     0	   22.1468	   -11.843
   846	     0	   24.0576	  -17.7069
   847	     0	   15.9727	    -7.266
   848	     0	    18.023	  -8.09744
   849	     0	   23.0982	   -10.802
   850	     0	   17.8583	  -9.91006
   851	     0	   21.9355	  -12.8811
   852	     0	   19.3016	  -8.86426
   853	     0	   31.8822	  -20.2174
   854	     0	   18.4885	  -13.2846
   855	     0	   25.1719	  -13.8525
   856	     0	   24.1605	   -19.715
   857	     0	   13.6799	  -5.00837
   858	     0	   24.2243	  -13.1091
   859	     0	   26.6864	  -17.0504
   860	     0	   20.2384	  -9.19346
   861	     0	   25.7825	  -17.5618
   862	     0	   19.3016	  -8.86426
   863	     0	     29.25	  -19.2824
   864	     0	   17.1229	  -6.44219
   865	     0	   18.1394	  -9.84642
   866	     0	   22.0741	  -12.1515
   867	     0	   22.6664	  -16.9798
   868	     0	   23.9345	  -13.9241
   869	     0	   24.6042	  -13.2852
   870	     0	   27.8088	  -13.7604
   871	     0	   22.5972	  -13.8834
   872	     0	   23.1581	  -11.8635
   873	     0	   24.7289	  -15.6405
   874	     0	   18.6415	  -7.89472
   875	     0	   20.1965	  -15.8067
   876	     0	   25.8133	  -15.0303
   877	     0	   17.1646	  -8.43711
   878	     0	   24.5517	  -14.8875
   879	     0	   20.9589	  -13.8626
   880	     0	   14.8418	   -7.7865
   881	     0	    27.284	  -18.9529
   882	     0	   23.0798	  -12.8082
   883	     0	   26.1974	  -15.1951
   884	     0	   25.1736	  -12.8234
   885	     0	   10.3691	  -8.42273
   886	     0	   21.6873	  -11.9726
   887	     0	   16.4959	  -11.6414
   888	     0	   24.5517	  -14.8875
   889	     0	   27.9036	   -17.208
   890	     0	   17.3842	  -7.22948
   891	     0	   22.7919	  -13.0493
   892	     0	   21.0297	  -12.9571
   893	     0	   26.1974	  -15.1951
   894	     0	   28.0468	  -16.2227
   895	     0	   17.8695	  -13.7385
   896	     0	   21.8391	   -12.368
   897	     0	   24.2103	  -15.6781
   898	     0	   16.6763	  -8.67295
   899	     0	   26.0465	  -17.6055
   900	     0	   14.2272	  -14.4615
   901	     0	   20.7464	  -12.3543
   902	     0	   23.0381	  -13.0259
   903	     0	   26.1974	  -15.1951
   904	     0	   28.0371	  -15.0331
   905	     0	   19.9572	  -11.0224
   906	     0	   17.3565	  -7.68693
   907	     0	   18.8829	  -13.3139
   908	     0	   16.8736	  -8.84597
   909	     0	   23.6792	   -18.195
   910	     0	   16.4776	  -10.8805
   911	     0	   28.8686	  -14.5724
   912	     0	   24.1192	  -14.0143
   913	     0	    25.358	  -16.0413
   914	     0	   26.9837	  -13.2593
   915	     0	   20.5134	  -10.7093
   916	     0	   26.1504	  -12.1041
   917	     0	   21.8706	  -11.6703
   918	     0	   30.3529	  -29.9376
   919	     0	   19.2086	  -8.73148
   920	     0	   21.3526	  -15.4481
   921	     0	   20.2637	  -13.3252
   922	     0	   24.3416	  -16.0654
   923	     0	    29.679	  -17.9256
   924	     0	   28.7476	  -13.4544
   925	     0	   19.0379	  -8.08228
   926	     0	   26.0743	    -13.82
   927	     0	   26.8182	  -18.5047
   928	     0	    26.355	  -12.6988
   929	     0	   19.5642	   -10.979
   930	     0	   21.3526	  -15.4481
   931	     0	   20.2233	  -11.0519
   932	     0	   24.0609	  -15.3173
   933	     0	   27.1169	  -13.1622
   934	     0	   28.7476	  -13.4544
   935	     0	   19.2827	  -10.3515
   936	     0	   25.7546	  -14.8694
   937	     0	   26.0972	  -18.0032
   938	     0	   26.5579	  -15.2612
   939	     0	   18.4209	  -8.04977
   940	     0	   19.2604	  -12.5121
   941	     0	   15.2049	  -14.7477
   942	     0	   29.6745	  -18.3616
   943	     0	   26.9543	  -11.8546
   944	     0	   21.5226	  -9.49515
   945	     0	   17.9604	  -11.0774
   946	     0	   30.5294	  -16.7868
   947	     0	    26.826	  -15.7653
   948	     0	   26.4686	  -15.9447
   949	     0	   23.4189	  -12.3998
   950	     0	   19.0273	  -12.8059
   951	     0	   10.2269	  -6.77035
   952	     0	   20.7473	  -10.6854
   953	     0	   24.6319	  -16.6793
   954	     0	    22.902	  -15.6434
   955	     0	   20.4491	  -21.1933
   956	     0	   34.8637	  -20.7248
   957	     0	   26.2407	  -19.4224
   958	     0	   25.1814	  -16.2514
   959	     0	   21.0484	  -11.3569
   960	     0	   18.3757	  -12.1791
   961	     0	   14.8068	  -10.4126
   962	     0	    30.241	  -17.9164
   963	     0	   32.5876	  -20.2518
   964	     0	    26.491	  -17.9595
   965	     0	   22.1499	   -13.699
   966	     0	   31.4465	  -16.9462
   967	     0	   20.2428	  -12.1274
   968	     0	   32.2772	  -22.1221
   969	     0	   27.3144	  -14.7431
   970	     0	   21.0453	  -13.4179
   971	     0	   15.6962	  -15.2882
   972	     0	   20.2068	  -8.64657
   973	     0	   27.9949	  -13.6473
   974	     0	   21.9032	  -11.9846
   975	     0	   20.2972	  -13.1817
   976	     0	   31.4465	  -16.9462
   977	     0	   20.4928	  -11.4229
   978	     0	   26.4234	  -14.5806
   979	     0	   27.7291	  -19.0903
   980	     0	   14.6095	  -7.65898
   981	     0	   17.3861	   -9.7424
   982	     0	   15.1325	  -9.72338
   983	     0	   15.6603	   -6.1495
   984	     0	   29.5463	  -19.0612
   985	     0	   18.7855	  -8.89367
   986	     0	   25.0326	  -10.5312
   987	     0	   22.2359	   -13.095
   988	     0	   25.5182	  -16.3804
   989	     0	   30.8135	    -17.22
   990	     0	   16.9527	  -8.85057
   991	     0	   25.6366	  -15.8357
   992	     0	   12.4276	  -11.5476
   993	     0	   22.2984	  -11.2432
   994	     0	   22.8285	   -13.201
   995	     0	   23.2898	  -13.9252
   996	     0	   25.1474	  -12.9385
   997	     0	   21.7706	  -10.7728
   998	     0	   30.0476	  -23.2253
   999	     0	   30.1117	  -18.8686
