ANC data (sentinel)
1987	193	0.057	0.742	0.998	0.037249	0.000025	1	0.000
1988	256	0.039	0.742	0.998	0.037249	0.000025	1	0.000
1989	170	0.041	0.742	0.998	0.037249	0.000025	1	0.019
1993	32	0.060	0.742	0.998	0.037249	0.000025	1	0.120
1994	168	0.030	0.742	0.998	0.037249	0.000025	1	0.050
1994	52	0.058	0.742	0.998	0.037249	0.000025	1	0.000
1996	327	0.078	0.742	0.998	0.037249	0.000025	1	0.156
1999	245	0.070	0.942	0.992	0.002116	0.000144	1	0.450
2001	185	0.076	1.000	1.000	0.000000	0.000000	0	0.000
2002	449	0.040	0.942	0.992	0.002116	0.000144	1	0.430
2002	417	0.050	0.942	0.992	0.002116	0.000144	1	0.430
FPC data
1986	50	0.100	0.742	0.998	0.037249	0.000025	1	0.000
1994	249	0.030	0.838	1.000	0.036481	0.000000	0	0.000
1994	189	0.040	0.742	0.998	0.037249	0.000025	1	0.240
1994	55	0.055	0.742	0.998	0.037249	0.000025	1	0.000
1994	40	0.050	0.742	0.998	0.037249	0.000025	1	0.100
1995	210	0.086	0.838	1.000	0.036481	0.000000	1	0.224
1999	538	0.039	0.838	1.000	0.036481	0.000000	0	0.000
2002	221	0.022	0.942	0.992	0.002116	0.000144	1	0.457
GUD data
CSW data
1996	145	0.143	0.742	0.998	0.037249	0.000025	1	0.503
1996	387	0.103	0.742	0.998	0.037249	0.000025	1	0.500
1996	407	0.173	0.838	1.000	0.036481	0.000000	0	0.000
1996	295	0.233	0.838	1.000	0.036481	0.000000	1	0.464
1998	121	0.157	0.838	1.000	0.036481	0.000000	1	0.686
2000	93	0.161	0.838	1.000	0.036481	0.000000	0	0.000
2001	101	0.100	0.838	1.000	0.036481	0.000000	1	0.780
Household data (sentinel)
1995	137	0.058	0.838	1.000	0.036481	0.000000	1	0.134	1	7
1998	712	0.069	0.838	1.000	0.036481	0.000000	1	0.374	1	9
1999	622	0.109	0.838	1.000	0.036481	0.000000	1	0.344	1	2
2000	893	0.086	0.838	1.000	0.036481	0.000000	0	0.000	1	7
2001	878	0.110	0.838	1.000	0.036481	0.000000	1	0.450	1	9
2002	2624	0.035	0.556	0.987	0.040804	0.000324	1	0.119	1	1
2002	2002	0.035	0.556	0.987	0.040804	0.000324	1	0.307	2	2
2002	399	0.047	0.556	0.987	0.040804	0.000324	1	0.358	2	7
ANC data (national)
Household data (national)