0	0	0.163241368	0.8112252	6.00308E-05	0.071569993	0.907321711	0.212768315
1	1	0.286401764	0.497164118	7.89751E-05	0.15884259	0.836401845	0.228517811
2	2	0.138033094	0.725393666	0.000416328	0.200321682	0.993520167	0.218775838
3	3	0.147567088	0.885763361	0.000161494	0.521858388	0.915408928	0.501524105
4	4	0.30653857	0.431325522	0.000270229	0.16779237	0.981271232	0.93224073
5	5	0.116156013	0.652007412	0.000458147	0.265994108	0.901948886	0.407652785
6	6	0.095782986	0.720626093	0.000432109	0.054883739	0.931511575	0.73398775
7	7	0.0701957	0.817801316	0.001043295	0.528705245	0.941550986	0.861779868
8	8	0.143778092	0.726180677	0.000173308	0.203495063	0.970925401	0.91218513
9	9	0.275265503	0.867812395	0.00146008	0.447633918	0.952373048	0.086023759
10	10	0.129716485	0.974264294	0.000496703	0.017885244	0.953247963	0.35149941
11	11	0.207350855	0.753870682	4.71931E-05	0.760012783	0.815686974	0.052291597
12	12	0.145261972	0.667609765	0.000453983	0.125591777	0.993401188	0.147641442
13	13	0.322454129	0.675334407	1.04818E-05	0.602189399	0.996439584	0.107097524
14	14	0.350500064	0.437739764	9.81428E-05	0.185269474	0.938698382	0.7508039
15	15	0.079442433	0.513440565	0.001043541	0.152885656	0.964868455	0.671137895
16	16	0.043899382	0.996831217	0.005471473	0.014876591	0.900995048	0.622559689
17	17	0.090741625	0.68468121	0.002254771	0.146894762	0.888748505	0.831704819
18	18	0.206129667	0.412997255	0.000271559	0.280555462	0.9352381	0.994818242
19	19	0.386124652	0.980832597	0.001299112	0.272811646	0.92574625	0.011315933
20	20	0.111288841	0.984582715	0.000780059	0.236402345	0.981388761	0.34410515
21	21	0.164730559	0.943773778	0.000302162	0.802327091	0.793509172	0.355906553
22	22	0.167265271	0.820725215	0.000172591	0.14440471	0.952876977	0.289911631
23	23	0.406315138	0.461986327	7.14827E-06	0.706691309	0.934883442	0.116638136
24	24	0.350500064	0.437739764	9.81428E-05	0.185269474	0.938698382	0.7508039
25	25	0.142158884	0.465272417	0.000740897	0.343238314	0.965504248	0.777333527
26	26	0.121648466	0.978079993	0.00038021	0.020642875	0.851567518	0.500239302
27	27	0.065189033	0.605836573	0.00788149	0.372663631	0.916121917	0.212010471
28	28	0.23095396	0.693685739	0.00010223	0.044260989	0.851406011	0.786524215
29	29	0.386124652	0.980832597	0.001299112	0.272811646	0.92574625	0.011315933
30	30	0.135500418	0.977299519	0.0002148	0.24445673	0.948909808	0.587929294
31	31	0.165349046	0.892474551	0.000103585	0.69389902	0.908363835	0.425965087
32	32	0.138037447	0.494662673	0.000531169	0.354619935	0.999247886	0.977021677
33	33	0.13493494	0.796910999	9.24741E-05	0.697635131	0.892883412	0.768949035
34	34	0.276778032	0.461098206	7.14747E-05	0.147351784	0.949231879	0.585770796
35	35	0.068472024	0.940091908	0.00254945	0.149027178	0.960017484	0.189123843
36	36	0.089505367	0.918663357	0.00134498	0.032573836	0.78502228	0.819768897
37	37	0.100669004	0.696682248	0.004271617	0.227157888	0.98079147	0.448476451
38	38	0.1672955	0.885170306	0.000418137	0.002921063	0.92996014	0.336093286
39	39	0.386124652	0.980832597	0.001299112	0.272811646	0.92574625	0.011315933
40	40	0.085622021	0.764843282	0.00138969	0.147906127	0.931009631	0.769372511
41	41	0.201422096	0.975420966	8.60675E-05	0.294139061	0.879525693	0.54288198
42	42	0.151586377	0.312137401	0.000540453	0.163916762	0.992222088	0.666729296
43	43	0.269910078	0.475885722	0.000103727	0.25522063	0.816656633	0.34444215
44	44	0.094854017	0.966899976	0.001481882	0.114715747	0.99044123	0.871795656
45	45	0.212435573	0.728882857	0.000459269	0.521478812	0.994949017	0.581817271
46	46	0.231334183	0.43918962	0.000609246	0.077174364	0.792630261	0.863058584
47	47	0.123129913	0.423150359	0.000915951	0.242195296	0.992905598	0.554973409
48	48	0.112694751	0.539614622	0.001587276	0.177140146	0.984252954	0.120413177
49	49	0.386124652	0.980832597	0.001299112	0.272811646	0.92574625	0.011315933
50	50	0.090298051	0.914657535	0.001140718	0.338025199	0.938145753	0.713663288
51	51	0.093043685	0.988224797	0.005800912	0.380231399	0.915043508	0.565500886
52	52	0.105278203	0.402668116	0.000618686	0.3113424	0.991984456	0.776545551
53	53	0.118882783	0.886368022	0.001380893	0.209117956	0.922011459	0.408056492
54	54	0.286794027	0.41403841	0.000115864	0.070894309	0.970935092	0.979399648
55	55	0.185708614	0.743281184	0.000402121	0.678709289	0.994651171	0.87327191
56	56	0.079930594	0.974604965	0.004114111	0.085473671	0.859047146	0.253023597
57	57	0.115439647	0.223225307	0.000717825	0.286404487	0.989087937	0.315618961
58	58	0.214808005	0.288807095	0.000158617	0.116250614	0.923890803	0.536476041
59	59	0.416224052	0.965721629	0.000529708	0.347509071	0.951954893	0.014468708
60	60	0.222942347	0.584597399	0.000356119	0.112509976	0.933550008	0.300989344
61	61	0.113606325	0.597699783	0.000646449	0.612082653	0.962396694	0.02330675
62	62	0.136106487	0.278371423	0.000533973	0.037137172	0.989947113	0.48420347
63	63	0.273440217	0.813629764	8.14289E-05	0.053913592	0.972991648	0.587108749
64	64	0.201670085	0.468436998	7.43906E-05	0.148224689	0.988722765	0.243090197
65	65	0.144200863	0.97071314	0.000505369	0.238932874	0.946941861	0.647460463
66	66	0.115458552	0.792654399	0.001809319	0.073115326	0.801375271	0.061062173
67	67	0.153216294	0.282243288	0.000396362	0.072829053	0.982751156	0.563689918
68	68	0.178797618	0.304562225	0.000294666	0.08348415	0.98972978	0.488210135
69	69	0.413478362	0.904129719	0.000515349	0.268714593	0.930610128	0.019959851
70	70	0.377648917	0.736377918	1.02301E-05	0.214758697	0.994581686	0.474910618
71	71	0.136965448	0.679313079	0.001846836	0.587782115	0.93541548	0.126783224
72	72	0.263445223	0.444351977	0.000154552	0.019767333	0.960122889	0.809442086
73	73	0.189257782	0.896282027	2.78704E-05	0.428381076	0.974429933	0.832168768
74	74	0.106307299	0.722251766	0.000170661	0.370542556	0.999347616	0.430138424
75	75	0.104340814	0.97103998	0.000201446	0.375918705	0.944534791	0.594268478
76	76	0.20031168	0.711034357	0.00051418	0.152403853	0.783096519	0.383939092
77	77	0.289658464	0.122874571	6.09667E-05	0.364126824	0.910079138	0.583984082
78	78	0.224038833	0.228460678	0.000199037	0.188769396	0.929106559	0.215488731
79	79	0.508554491	0.792244703	0.00015155	0.228337841	0.999198025	0.097054008
80	80	0.289322314	0.65391433	1.81387E-05	0.095073936	0.967134171	0.145450111
81	81	0.107712346	0.38545724	0.000657441	0.301036864	0.811746878	0.316910931
82	82	0.284040465	0.606674158	6.63874E-05	0.110661014	0.983869926	0.800803166
83	83	0.156271694	0.964166633	5.47497E-05	0.306969552	0.913692718	0.40333781
84	84	0.184969874	0.935137877	0.000275312	0.006739646	0.945062878	0.365413702
85	85	0.098894694	0.937157643	0.001144023	0.19199272	0.948294386	0.751427514
86	86	0.105862242	0.482406119	0.000656545	0.362118603	0.880579898	0.174476037
87	87	0.174574777	0.205529522	0.000247895	0.488039558	0.920264522	0.205017254
88	88	0.116327099	0.700867985	0.002301807	0.499722139	0.961878139	0.193891939
89	89	0.261408142	0.757281184	0.000952015	0.453369037	0.969869721	0.012363765
90	90	0.105569895	0.982558211	0.000635889	0.151953477	0.957567683	0.151678077
91	91	0.145026658	0.885061448	0.001034805	0.027917087	0.934762142	0.796451481
92	92	0.312012586	0.487955471	2.77537E-05	0.290255844	0.940799463	0.455791076
93	93	0.263245205	0.47511886	0.000231531	0.449998167	0.950179781	0.848512147
94	94	0.096555734	0.984813941	0.000921906	0.020093721	0.918520888	0.316639875
95	95	0.146265329	0.920915454	0.001039613	0.019199001	0.845046668	0.706295038
96	96	0.128271387	0.557636009	0.000145677	0.843648689	0.846237006	0.01605619
97	97	0.20545081	0.6061313	6.6718E-05	0.43888619	0.958456927	0.163962828
98	98	0.175705823	0.138467736	0.000266477	0.11711329	0.938033393	0.11578735
99	99	0.413251322	0.709871073	0.000309303	0.455353583	0.973283021	0.292759904
100	100	0.225026924	0.949728839	0.000163851	0.640620289	0.905403706	0.323221692
101	101	0.123528433	0.990421228	0.003235538	0.006649597	0.998998604	0.960353086
102	102	0.214928612	0.744207275	4.22843E-05	0.234650841	0.967124519	0.138713764
103	103	0.406774961	0.79965276	1.59393E-05	0.681792075	0.958609999	0.317193423
104	104	0.057611774	0.928505326	0.005345083	0.002844692	0.877692627	0.605558437
105	105	0.147539591	0.746551119	0.001790489	0.089583681	0.936452422	0.194524756
106	106	0.112450191	0.819027988	0.000936291	0.051628028	0.762221938	0.702118136
107	107	0.202525272	0.92864471	0.000117957	0.189484185	0.980899151	0.973093581
108	108	0.150829969	0.390928097	0.000849103	0.399285814	0.816175734	0.099713763
109	109	0.441935117	0.765456631	0.000371868	0.138780663	0.959414024	0.888957188
110	110	0.180262512	0.89054032	0.000891294	0.244708881	0.972952805	0.684389326
111	111	0.093517474	0.920427012	0.008414786	0.035569233	0.9968076	0.537048753
112	112	0.131216171	0.853910649	0.000179706	0.268794543	0.918328373	0.468064308
113	113	0.461022243	0.724364362	8.84717E-06	0.716332169	0.994432807	0.541307611
114	114	0.048628927	0.989403294	0.011563785	0.001766929	0.892927977	0.285167003
115	115	0.146680018	0.8842612	0.000779749	0.689204049	0.932562814	0.031425573
116	116	0.371675297	0.806667804	0.000116671	0.373001624	0.888287297	0.737564347
117	117	0.107909171	0.982612261	0.001480853	0.191636084	0.937883601	0.99605783
118	118	0.243872939	0.746000397	0.000206175	0.481697399	0.90258834	0.261350771
119	119	0.539741381	0.777615048	0.000308587	0.123802775	0.91737556	0.819158114
120	120	0.154251803	0.835821845	0.001184589	0.277776062	0.981153718	0.294320162
121	121	0.155707556	0.635257232	0.002139169	0.005541129	0.980448926	0.738917409
122	122	0.160972653	0.97376967	0.000157812	0.179818069	0.992123068	0.004656089
123	123	0.490205832	0.23634469	2.63851E-06	0.742783039	0.991054276	0.505265852
124	124	0.06078273	0.840623554	0.004301418	0.002344457	0.988071713	0.097526248
125	125	0.128263166	0.979740241	0.000665135	0.005636208	0.969860041	0.11661893
126	126	0.241856155	0.590833109	3.50724E-05	0.245886123	0.831232492	0.467754983
127	127	0.101736441	0.995672124	0.002490186	0.018128095	0.952829425	0.592278061
128	128	0.320019418	0.582595605	0.000333608	0.157609782	0.974429933	0.420379162
129	129	0.306281784	0.822326651	0.002025174	0.086212252	0.978845453	0.727120173
130	130	0.234160843	0.856520605	0.000165539	0.159685632	0.873261739	0.354020325
131	131	0.164710636	0.858795562	0.001101065	0.002691376	0.992846144	0.168156121
132	132	0.314566833	0.938775851	5.30716E-05	0.054048081	0.98817033	0.150244638
133	133	0.358883542	0.602228216	7.34528E-05	0.623071838	0.987243719	0.91380376
134	134	0.157934769	0.15162487	0.000215794	0.002418566	0.961465416	0.007736791
135	135	0.055258794	0.9841214	0.003606879	0.004288453	0.963002027	0.242010855
136	136	0.09280595	0.874035324	0.000995837	0.127533139	0.768166006	0.178426039
137	137	0.254944372	0.754366866	0.00011301	0.015280249	0.910533463	0.87408933
138	138	0.211861731	0.707329621	0.000476102	0.717242944	0.971051385	0.333850287
139	139	0.302542173	0.931318862	0.001766031	0.349908748	0.89942252	0.427054307
140	140	0.124212267	0.979870868	0.001191265	0.105545414	0.929366262	0.121050974
141	141	0.216088814	0.689957249	0.000709323	0.001498311	0.994522132	0.140591741
142	142	0.230270612	0.88267795	4.25126E-05	0.237667929	0.946563876	0.28444623
143	143	0.255086293	0.441286089	2.59528E-05	0.685585788	0.952297006	0.519158634
144	144	0.068398438	0.281701548	0.002252222	0.029353063	0.818525855	0.233674495
145	145	0.080556293	0.985302195	0.003152307	0.006512763	0.915235335	0.554676198
146	146	0.182250757	0.567817739	0.00031913	0.166871813	0.780676463	0.377709404
147	147	0.20209736	0.936303649	0.000349033	0.02210496	0.988930008	0.66214538
148	148	0.139818043	0.783688063	0.00082433	0.443304426	0.993173186	0.176528268
149	149	0.281252544	0.947306986	0.002928159	0.134557053	0.876580618	0.717530552
150	150	0.192738117	0.845562883	0.002001797	0.390483759	0.939504493	0.754785899
151	151	0.142542279	0.755934258	0.000714962	0.011531746	0.999966164	0.52907029
152	152	0.139457876	0.855752416	0.000135344	0.156268468	0.936508506	0.218078326
153	153	0.426416938	0.565299414	1.04045E-05	0.800673923	0.963713538	0.954714106
154	154	0.186585906	0.527611103	0.000483636	0.042449399	0.778023025	0.973206961
155	155	0.078923564	0.808447627	0.001734176	0.042105817	0.985648829	0.975940872
156	156	0.173578511	0.47348758	8.0106E-05	0.362465383	0.875566154	0.148431975
157	157	0.173376657	0.791866181	0.000215269	0.052518459	0.97589956	0.958248609
158	158	0.07956772	0.929979161	0.013003026	0.032690639	0.910406229	0.309032128
159	159	0.281633373	0.861090132	0.001459629	0.104030901	0.876414376	0.728872893
160	160	0.131929061	0.709928913	0.003661962	0.225373141	0.973885468	0.060417837
161	161	0.142542279	0.755934258	0.000714962	0.011531746	0.999966164	0.52907029
162	162	0.117078448	0.791777812	0.000163269	0.278727859	0.915445478	0.306882185
163	163	0.163607763	0.959659993	0.000398774	0.32567902	0.952201963	0.571167874
164	164	0.116034474	0.921135832	0.00046746	0.049548951	0.777277642	0.24184399
165	165	0.209132899	0.548566112	0.000197751	0.30126376	0.827646981	0.54795212
166	166	0.147622093	0.567342143	0.000799674	0.199349343	0.852528692	0.028469041
167	167	0.138420943	0.945174887	0.000158295	0.224967739	0.987036829	0.647406605
168	168	0.290441274	0.510243564	0.000112198	0.569049598	0.913273284	0.705073507
169	169	0.101938037	0.696696914	0.004437294	0.098574867	0.92895819	0.066092063
170	170	0.185192358	0.998117305	0.00071302	0.270184699	0.950729997	0.191295008
171	171	0.105088779	0.540555901	0.000574931	0.097341657	0.969743891	0.434306999
172	172	0.207509744	0.749153667	5.43671E-05	0.128192226	0.943159375	0.297907648
173	173	0.098335532	0.979627185	0.002025481	0.167404937	0.95158441	0.161990848
174	174	0.167931249	0.776768246	0.000101346	0.390568377	0.792456178	0.1575605
175	175	0.085885981	0.2885143	0.001756471	0.059685077	0.868879202	0.895113062
176	176	0.14930729	0.76834069	0.000353751	0.545412336	0.950796424	0.153754101
177	177	0.17564836	0.986603309	0.003966654	0.038744982	0.993133539	0.553259308
178	178	0.193157472	0.900106193	0.000324236	0.180636856	0.920521758	0.211914789
179	179	0.082102747	0.972755098	0.010212797	0.068419708	0.844068636	0.160818568
180	180	0.091343149	0.930527612	0.000880145	0.486457791	0.909098569	0.160538903
181	181	0.161433323	0.548854295	0.000745881	0.028644265	0.916350556	0.083238719
182	182	0.147036183	0.815893891	0.000568927	0.241364896	0.946686705	0.577564548
183	183	0.084772482	0.849554049	0.000421055	0.183402387	0.919943078	0.333460783
184	184	0.198126628	0.939022854	8.24367E-05	0.154196676	0.763029088	0.102619151
185	185	0.081225765	0.866921504	0.006945799	0.150199839	0.915509444	0.998451964
186	186	0.125872162	0.850585064	0.000406327	0.279271835	0.916295678	0.301367661
187	187	0.194498164	0.572207062	0.002739174	0.217960975	0.989571749	0.305752426
188	188	0.15643932	0.945125283	0.000336068	0.30154599	0.987125491	0.696527057
189	189	0.105485483	0.829781674	0.009335593	0.063273395	0.826903665	0.222651471
190	190	0.056912868	0.949878766	0.003802433	0.223326058	0.958676975	0.379817942
191	191	0.12791825	0.952048869	0.000924971	0.054246399	0.86802093	0.073457896
192	192	0.129791149	0.897320669	0.00045755	0.474678639	0.957835326	0.42432346
193	193	0.066700462	0.912070549	0.001034886	0.309961817	0.941767159	0.162597309
194	194	0.201589321	0.949697779	8.38694E-05	0.40604851	0.725500182	0.30938295
195	195	0.225064269	0.960983937	0.000589588	0.008045158	0.905051307	0.819122151
196	196	0.074351652	0.576190358	0.002111994	0.008483768	0.970402261	0.213996254
197	197	0.126904185	0.960859264	0.002515128	0.151662613	0.87237302	0.428562666
198	198	0.169142084	0.959969456	0.001091358	0.476485782	0.999397485	0.965411891
199	199	0.081262621	0.951036055	0.017235799	0.020820775	0.765960255	0.16090006
200	200	0.176637604	0.824030806	0.0001362	0.022715579	0.938370512	0.455657628
201	201	0.130597997	0.694097552	0.000206661	0.086281177	0.983987765	0.212236752
202	202	0.201791274	0.935756535	0.000334408	0.189184623	0.957510341	0.30116476
203	203	0.158364706	0.527137842	0.000382464	0.053111296	0.950293593	0.699880662
204	204	0.25039619	0.594193666	3.87863E-05	0.214474593	0.655109436	0.058486975
205	205	0.130560479	0.985548471	0.004072185	0.009150298	0.923457479	0.724601699
206	206	0.134704139	0.525927796	0.000807984	0.018588206	0.962089369	0.018341236
207	207	0.14238615	0.801945243	0.001442591	0.36694092	0.72999109	0.75677844
208	208	0.230922293	0.663873819	0.000468032	0.570733613	0.977712869	0.337413755
209	209	0.106587115	0.898817982	0.001466861	0.021049184	0.848326244	0.840608177
210	210	0.213178377	0.691380956	4.2663E-05	0.074899776	0.895749029	0.722638253
211	211	0.151165794	0.808895834	0.00014097	0.266459525	0.976415913	0.784006363
212	212	0.312470576	0.715025211	0.000194318	0.084604772	0.798141435	0.606066389
213	213	0.138080984	0.551424978	0.00164512	0.002958103	0.998081782	0.898085715
214	214	0.120493864	0.951003044	0.000311487	0.149642486	0.776804384	0.342499419
215	215	0.113565271	0.995726156	0.003535937	0.016847768	0.941109393	0.510431679
216	216	0.147961636	0.296168438	0.000367612	0.055449866	0.909143943	0.113155655
217	217	0.264204782	0.815269695	0.00010132	0.292407257	0.79051221	0.536862443
218	218	0.165384012	0.656789357	0.000414153	0.471463963	0.914011982	0.932654622
219	219	0.203179935	0.615649828	7.2099E-05	0.120277429	0.817178606	0.482419962
220	220	0.082489627	0.964647581	0.000585418	0.182539395	0.979852206	0.911396261
221	221	0.341085827	0.694553292	1.60449E-05	0.19083432	0.987086085	0.709656391
222	222	0.089905613	0.964166633	0.002360392	0.04136745	0.907439457	0.180787798
223	223	0.15361285	0.417995931	0.000448243	0.0007109	0.987894227	0.660097781
224	224	0.122134112	0.859328991	0.000263783	0.135628247	0.722168143	0.231150935
225	225	0.078796364	0.997218695	0.005457467	0.149519265	0.975548985	0.16060613
226	226	0.10207832	0.552040484	0.000455392	0.19317446	0.957567683	0.132753827
227	227	0.194054274	0.769400018	0.000180451	0.318793761	0.981800221	0.70209245
228	228	0.261717192	0.827252311	0.000105408	0.491084338	0.947026928	0.521152831
229	229	0.138818381	0.896379816	0.000927532	0.10081188	0.786010475	0.506888614
230	230	0.185828316	0.997225187	7.13319E-05	0.111852432	0.929060192	0.692999321
231	231	0.180944847	0.930292927	0.000981201	0.020355811	0.910406229	0.151766115
232	232	0.187373097	0.594333645	0.000197103	0.012519818	0.868818488	0.2780259
233	233	0.1754343	0.322509897	0.000394319	0.227903163	0.973127611	0.873100504
234	234	0.166480741	0.49486974	3.85809E-05	0.19962813	0.921312287	0.975909551
235	235	0.199142683	0.621443978	4.08346E-05	0.843349258	0.943451248	0.394027523
236	236	0.113006627	0.956613278	0.000902578	0.164193582	0.844388901	0.126150293
237	237	0.115001726	0.860611566	0.000261094	0.047217748	0.964136847	0.544318491
238	238	0.199732307	0.782510545	4.68042E-05	0.664861513	0.983320196	0.333704921
239	239	0.118245486	0.991560938	0.002242224	0.004143746	0.944968555	0.745319273
240	240	0.150834629	0.893744758	0.00016218	0.122183722	0.8881543	0.716357212
241	241	0.169116687	0.68193336	0.000105681	0.092724381	0.924961155	0.10319075
242	242	0.17770994	0.407161255	0.000154133	0.381423095	0.823345016	0.699024073
243	243	0.064216339	0.786347426	0.010387188	0.145424456	0.979500214	0.734431255
244	244	0.14725569	0.702181412	6.13354E-05	0.207698253	0.926393298	0.938571297
245	245	0.204324804	0.52229224	0.000160375	0.204699774	0.975967742	0.54581048
246	246	0.160127405	0.796442916	0.000178255	0.693082428	0.975471096	0.168798542
247	247	0.070002934	0.963926342	0.001175836	0.008378202	0.973166461	0.902492778
248	248	0.076444425	0.8589085	0.00125923	0.225966962	0.948161886	0.055729729
249	249	0.093046859	0.790640052	0.000646969	0.037928191	0.969114983	0.050509426
250	250	0.151450758	0.898117346	0.000778632	0.105031074	0.726362786	0.561630025
251	251	0.238346723	0.224805722	0.000180832	0.051766603	0.978845453	0.524352507
252	252	0.175507372	0.452299317	0.000415443	0.235392174	0.798380531	0.410951331
253	253	0.213592488	0.629388022	0.000859809	0.140272097	0.960276226	0.445174531
254	254	0.206768988	0.587330575	1.89016E-05	0.291384414	0.996539035	0.917551478
255	255	0.217198634	0.822728747	8.2052E-05	0.47678969	0.987026978	0.555007968
256	256	0.181998677	0.791986082	5.6747E-05	0.80004915	0.986761043	0.212415286
257	257	0.15597031	0.917013311	0.000274307	0.065175559	0.936732873	0.995155465
258	258	0.21062804	0.979712997	8.01616E-05	0.259433469	0.918750125	0.00576622
259	259	0.214205669	0.92592345	0.00038096	0.012306416	0.930879542	0.29017961
260	260	0.161379364	0.919000098	0.00041742	0.109892948	0.7891716	0.439458787
261	261	0.241679882	0.175271781	0.000171428	0.115681431	0.954780995	0.260163216
262	262	0.171778332	0.927467381	0.000448243	0.104706125	0.807261415	0.466168914
263	263	0.23695241	0.785304726	0.000287779	0.146501295	0.935284776	0.519633021
264	264	0.150848611	0.776937723	8.85202E-05	0.237373437	0.971662151	0.866545589
265	265	0.217198634	0.822728747	8.2052E-05	0.47678969	0.987026978	0.555007968
266	266	0.14183407	0.986562272	0.000932306	0.218555852	0.85375512	0.340010216
267	267	0.139703766	0.827797631	0.000548206	0.131333554	0.899278882	0.887711072
268	268	0.146324515	0.905953732	0.000390137	0.218352473	0.915271879	0.67691418
269	269	0.063435196	0.907652394	0.003820237	0.022157142	0.868705745	0.084555398
270	270	0.152684058	0.894554739	0.002011544	0.00832476	0.905756243	0.346841636
271	271	0.152059423	0.446226347	0.000268883	0.119470572	0.899413542	0.421449932
272	272	0.105274693	0.798753272	0.001283656	0.077864297	0.84355478	0.731388671
273	273	0.159028241	0.930543889	0.000729157	0.029081779	0.959519362	0.952199624
274	274	0.361309517	0.37270501	1.06487E-05	0.042803215	0.965677719	0.734911389
275	275	0.225487795	0.739535922	3.08842E-05	0.550832881	0.996479363	0.259648204
276	276	0.27585429	0.853060929	0.000151589	0.332543916	0.980967682	0.930222653
277	277	0.152129773	0.816854807	0.000376017	0.235946614	0.789203117	0.792074846
278	278	0.105190472	0.975595496	0.000577722	0.285590565	0.994502281	0.120123408
279	279	0.089813117	0.954149564	0.003274419	0.098699969	0.907819969	0.307020805
280	280	0.158364706	0.811598001	0.002236818	0.071081331	0.909724922	0.9995749
281	281	0.116000309	0.54763153	0.000671782	0.093816381	0.961599771	0.57091221
282	282	0.298650243	0.762992415	9.30264E-05	0.062277811	0.86765707	0.259648204
283	283	0.158079593	0.995713515	0.000708076	0.011401998	0.97024731	0.722531803
284	284	0.21650075	0.800519365	9.88725E-05	0.105129284	0.860385998	0.652608859
285	285	0.32476626	0.533309936	1.57358E-05	0.850022224	0.961321484	0.448489728
286	286	0.168401643	0.964158575	0.00064952	0.081690713	0.928995281	0.240597357
287	287	0.112494625	0.863246895	0.001051934	0.591782353	0.994581686	0.503370394
288	288	0.106910173	0.966384814	0.00054006	0.340422313	0.993183098	0.965564799
289	289	0.143100959	0.312946142	0.000251836	0.081145379	0.954523731	0.553383715
290	290	0.073396387	0.95932661	0.023766078	0.027480157	0.994184724	0.998176109
291	291	0.162278811	0.68786618	0.000793147	0.046348356	0.951062178	0.767897524
292	292	0.284184993	0.515071303	8.60824E-05	0.291787271	0.885940617	0.068074825
293	293	0.109164897	0.95361742	0.003621704	0.005799611	0.994810011	0.092214815
294	294	0.299126764	0.433665949	1.25972E-05	0.180434054	0.87023335	0.783696964
295	295	0.32476626	0.533309936	1.57358E-05	0.850022224	0.961321484	0.448489728
296	296	0.111722751	0.884766303	0.002317108	0.121578265	0.993797838	0.280554701
297	297	0.161718059	0.757206812	0.000536052	0.427867875	0.931511575	0.9644341
298	298	0.147548756	0.949873601	0.000621181	0.029052785	0.960362489	0.190621603
299	299	0.158635679	0.699815936	0.000142393	0.2701274	0.904040048	0.765180395
300	300	0.095108985	0.939028797	0.007216253	0.041232875	0.959528939	0.690505973
301	301	0.117680008	0.2513266	0.002645773	0.108442008	0.996787704	0.628935499
302	302	0.300222937	0.843942365	0.000196556	0.145548668	0.913063638	0.211884351
303	303	0.194678174	0.788749985	0.000303442	0.10301658	0.985471778	0.128694427
304	304	0.121416059	0.842743981	0.000215287	0.056163542	0.91434961	0.21122852
305	305	0.32476626	0.533309936	1.57358E-05	0.850022224	0.961321484	0.448489728
306	306	0.152336277	0.690783677	0.000489531	0.079220267	0.875050626	0.601437036
307	307	0.114775737	0.989491499	0.000397631	0.247688911	0.954114157	0.481904872
308	308	0.22643645	0.909022531	6.80685E-05	0.361425548	0.965696996	0.299877967
309	309	0.093897295	0.584542882	0.001886524	0.122992682	0.94715927	0.492946233
310	310	0.165899152	0.772578348	0.002839886	0.017124656	0.945921649	0.65078268
311	311	0.156616672	0.285193042	0.000414323	0.065424296	0.936555244	0.702439154
312	312	0.348935536	0.75791634	2.45875E-05	0.456275672	0.841603291	0.679985215
313	313	0.162057288	0.94143112	0.000260594	0.196214227	0.954838174	0.696662726
314	314	0.103649162	0.275646432	0.000341743	0.356350464	0.951783883	0.21962206
315	315	0.32476626	0.533309936	1.57358E-05	0.850022224	0.961321484	0.448489728
316	316	0.15391551	0.613313444	0.000880772	0.087819069	0.982996392	0.835210972
317	317	0.091493261	0.741660832	0.001837424	0.13539	0.857813129	0.740072318
318	318	0.197688238	0.912915815	0.000208089	0.232955007	0.968370497	0.267866136
319	319	0.086867624	0.753183501	0.003001604	0.344197423	0.934435644	0.677855454
320	320	0.03841836	0.818798314	0.003145327	0.262194298	0.922950654	0.153425924
321	321	0.128024932	0.332797305	0.001060557	0.153486725	0.926458028	0.577177825
322	322	0.222905242	0.793378302	0.000245567	0.084869337	0.94405411	0.460904371
323	323	0.316240225	0.921621322	6.91559E-05	0.256913595	0.98382083	0.272124667
324	324	0.11636134	0.890381823	0.000601493	0.143426744	0.93398806	0.832735396
325	325	0.32476626	0.533309936	1.57358E-05	0.850022224	0.961321484	0.448489728
326	326	0.077795889	0.850484266	0.00193333	0.079552423	0.993391274	0.684330462
327	327	0.171295836	0.972633965	0.000302989	0.062428696	0.99360941	0.224697823
328	328	0.147333492	0.917277641	0.000752576	0.196186686	0.951603406	0.55126891
329	329	0.129335398	0.914451414	0.002028249	0.067860754	0.88216357	0.30109349
330	330	0.077992934	0.538206881	0.005024288	0.026800316	0.809093011	0.160953224
331	331	0.159421534	0.243460582	0.000336206	0.369394995	0.988061852	0.864704535
332	332	0.099315769	0.968312384	0.002618244	0.038720285	0.98503912	0.955878327
333	333	0.132526853	0.997867039	0.002018118	0.019751461	0.960180387	0.463557943
334	334	0.075187136	0.962444439	0.000627862	0.145015878	0.935807702	0.015995807
335	335	0.242673333	0.527758523	9.14265E-05	0.448595514	0.968554148	0.563247531
336	336	0.085521361	0.912501474	0.000789871	0.021824857	0.946894604	0.805577081
337	337	0.124963509	0.555547159	0.004193999	0.0888572	0.969763248	0.333269029
338	338	0.178327103	0.888415168	0.00059893	0.127911779	0.938089571	0.423568598
339	339	0.041523587	0.975628487	0.025491232	0.003661147	0.904644862	0.523567842
340	340	0.162254186	0.341238777	0.000369309	0.081876975	0.845426381	0.777555979
341	341	0.213400367	0.486121734	0.001016981	0.047801135	0.972137456	0.316171486
342	342	0.147470867	0.960747236	0.000796562	0.353356804	0.855785995	0.792830451
343	343	0.141874084	0.989902111	0.00027545	0.187155147	0.992043859	0.679295461
344	344	0.084866528	0.791948222	0.000576604	0.386937444	0.88551622	0.01669811
345	345	0.116148414	0.770648608	0.000499454	0.525702893	0.978337581	0.554883554
346	346	0.085521361	0.912501474	0.000789871	0.021824857	0.946894604	0.805577081
347	347	0.254957886	0.76887724	5.45389E-05	0.151870329	0.999616937	0.451067858
348	348	0.12007582	0.92748415	0.000270454	0.187585494	0.920080826	0.658127324
349	349	0.033984339	0.95154943	0.023810585	0.004789549	0.989986633	0.369208532
350	350	0.081871348	0.909443804	0.001605929	0.033139198	0.937406299	0.440184241
351	351	0.065287934	0.762383014	0.007519351	0.198408224	0.973079051	0.828801496
352	352	0.068526029	0.959189133	0.002767896	0.437444089	0.981320201	0.97064449
353	353	0.134751129	0.999115467	0.000526456	0.080173409	0.976503623	0.832567983
354	354	0.127091798	0.623118113	0.000701984	0.416058731	0.924398143	0.177809597
355	355	0.162989211	0.789524739	0.000109075	0.40730493	0.938642168	0.195327127
356	356	0.083639079	0.981131069	0.002255111	0.073321878	0.904166394	0.276046465
357	357	0.211438018	0.582026921	0.000434942	0.037931653	0.958246494	0.296591186
358	358	0.124004002	0.701605188	0.000715991	0.376569987	0.970944782	0.838530999
359	359	0.061596295	0.868798105	0.023147793	0.001316103	0.901345871	0.761125316
360	360	0.062557636	0.954835352	0.012891337	0.003817769	0.992727246	0.132336943
361	361	0.131467434	0.237783691	0.001916344	0.18108622	0.897924433	0.650070414
362	362	0.153423916	0.632508973	0.000544404	0.275008419	0.979382911	0.944844923
363	363	0.172679269	0.979866997	0.000834473	0.407599531	0.992994786	0.92200737
364	364	0.191856807	0.748516045	0.00020033	0.156821746	0.967616923	0.543759054
365	365	0.249688831	0.81391654	4.8609E-05	0.064072864	0.992846144	0.3332516
366	366	0.100155574	0.608116216	0.00405535	0.23437977	0.931297751	0.316154564
367	367	0.257268731	0.986108917	0.000431862	0.022775607	0.924656532	0.107043821
368	368	0.061011371	0.907837695	0.003816057	0.031027978	0.992608362	0.132182021
369	369	0.082791585	0.923260995	0.005992537	0.000682105	0.95412368	0.902736191
370	370	0.058837609	0.970723504	0.02400879	0.0020886	0.98924589	0.815033723
371	371	0.160107901	0.800587378	0.000415103	0.261341041	0.960467931	0.261812712
372	372	0.123756046	0.608697526	0.001025977	0.006192849	0.97325388	0.461500364
373	373	0.105134356	0.947189087	0.000490248	0.413098431	0.978992003	0.507059845
374	374	0.095675792	0.904682543	0.00058556	0.190142666	0.994790155	0.967827733
375	375	0.25065677	0.968039924	0.000313842	0.779278339	0.920788256	0.431519774
376	376	0.190950637	0.412910541	0.000553776	0.382288359	0.988150605	0.07300922
377	377	0.15185789	0.917306977	0.001621672	0.030557135	0.908898953	0.754821648
378	378	0.077422112	0.833875955	0.003510606	0.025010561	0.966169388	0.601732568
379	379	0.120001708	0.897603544	0.000573633	0.001828274	0.982721732	0.809732448
380	380	0.153527808	0.878755485	0.000142818	0.269669286	0.961283106	0.84133062
381	381	0.122276542	0.642440367	0.004288977	0.064288401	0.828085023	0.474620322
382	382	0.060440048	0.681732582	0.004486922	0.002192093	0.935863747	0.011357851
383	383	0.099429643	0.899890149	0.000374413	0.294453509	0.803418098	0.097441103
384	384	0.102641025	0.929391512	0.002220341	0.12500823	0.959117222	0.858629937
385	385	0.32823156	0.388448426	1.84489E-05	0.579845369	0.925958802	0.233697777
386	386	0.088258783	0.624374924	0.001609263	0.541816357	0.951745885	0.648147004
387	387	0.113804299	0.51599913	0.001234861	0.07980566	0.988288683	0.560918037
388	388	0.22176323	0.965387328	0.000229159	0.061211077	0.96665166	0.908933424
389	389	0.061814069	0.987377247	0.003473437	0.00288805	0.970276361	0.843102419
390	390	0.106353304	0.992347396	0.001131299	0.066598577	0.984341367	0.213650525
391	391	0.080688688	0.807343041	0.00114054	0.565127888	0.823073804	0.438793053
392	392	0.042664346	0.954006644	0.040795273	0.00031418	0.969250406	0.20946372
393	393	0.164431911	0.942421461	0.000464954	0.698155162	0.873383791	0.145663167
394	394	0.102641025	0.929391512	0.002220341	0.12500823	0.959117222	0.858629937
395	395	0.205147003	0.765743069	9.79654E-05	0.385485276	0.964040624	0.400300258
396	396	0.152524192	0.514738901	0.000425833	0.534661946	0.889636116	0.002596696
397	397	0.107237587	0.831464386	0.000661357	0.252909049	0.846879301	0.644144804
398	398	0.20829366	0.452374095	0.000527994	0.086143374	0.942500639	0.362694117
399	399	0.083062693	0.987845795	0.012425898	0.000638936	0.995217155	0.986184875
400	400	0.151637842	0.629080304	9.17586E-05	0.714378156	0.916588402	0.652447815
401	401	0.208211046	0.767717347	6.50183E-05	0.637143604	0.794373193	0.802829498
402	402	0.157317978	0.973806149	0.001054828	0.026045667	0.90659746	0.369735575
403	403	0.183159269	0.970821825	0.001084195	0.576174769	0.963530802	0.878900507
404	404	0.072158529	0.880250233	0.001401899	0.393499905	0.976815544	0.793309582
405	405	0.254485165	0.646563295	8.80167E-05	0.141558025	0.834650173	0.842032127
406	406	0.315832938	0.359289516	9.75527E-05	0.190057461	0.819040844	0.028428407
407	407	0.142493195	0.96139027	0.000302839	0.364931688	0.896428836	0.614435236
408	408	0.135183181	0.850399353	0.000737474	0.082919408	0.881045906	0.393289065
409	409	0.073344345	0.974165639	0.010796474	0.000843779	0.996598709	0.985923297
410	410	0.256650753	0.869338373	6.46338E-05	0.158791727	0.946932409	0.834937471
411	411	0.188415413	0.992671047	0.000874862	0.126745851	0.880562317	0.923483659
412	412	0.165533929	0.800556465	0.000392448	0.65560661	0.854360465	0.30527689
413	413	0.210194162	0.938303701	0.001301738	0.073599448	0.914705624	0.177568817
414	414	0.146894551	0.841682995	0.001155619	0.427545413	0.906081783	0.339182641
415	415	0.161408794	0.968674118	0.000300987	0.154832447	0.805088254	0.582500514
416	416	0.306780362	0.168848016	5.88047E-05	0.364918039	0.837195473	0.070490271
417	417	0.134460849	0.824291771	0.000709664	0.137165851	0.826598273	0.520870831
418	418	0.173972364	0.709834922	0.000151988	0.330430047	0.998859034	0.374594005
419	419	0.112724424	0.934960799	0.001758486	0.002078084	0.97476065	0.786686348
420	420	0.394347995	0.726726142	8.82206E-06	0.476409814	0.929394092	0.047330742
421	421	0.316171043	0.857353583	4.85022E-05	0.206752476	0.898094748	0.483904978
422	422	0.084423513	0.375088076	0.001216143	0.366195354	0.731523437	0.574083465
423	423	0.318975748	0.900661536	4.20238E-05	0.424618273	0.950160814	0.58306638
424	424	0.196779502	0.972624125	0.000767728	0.124381759	0.928578103	0.265030755
425	425	0.092900984	0.700057132	0.000960918	0.088737824	0.796088159	0.366554405
426	426	0.099647641	0.281313312	0.000705024	0.18275268	0.856247453	0.747114795
427	427	0.101409116	0.873410538	0.002816953	0.236470494	0.860815558	0.814487358
428	428	0.138464574	0.089218591	0.000292887	0.465536515	0.97245769	0.554807523
429	429	0.122438915	0.872919016	0.001262271	0.002503299	0.998400581	0.689972723
430	430	0.250930901	0.535610131	0.000104138	0.540773739	0.937593447	0.32547087
431	431	0.245115937	0.568472654	4.98028E-05	0.577897196	0.874535401	0.584715388
432	432	0.176207907	0.362091411	0.002378025	0.037711797	0.790875353	0.55224335
433	433	0.22044104	0.951551949	0.00010492	0.169410633	0.987017127	0.544933219
434	434	0.170446217	0.91463881	0.000600331	0.193446882	0.912626273	0.372160972
435	435	0.117216168	0.969314782	0.001006158	0.106050532	0.948616249	0.408389836
436	436	0.172287577	0.561720848	0.000210339	0.115223493	0.844279323	0.92523227
437	437	0.239331149	0.897312218	0.000166382	0.201967121	0.910969827	0.713618946
438	438	0.203307564	0.429679795	0.000976727	0.051347325	0.953638129	0.159300872
439	439	0.183417906	0.692758554	0.000306498	0.030122762	0.975578194	0.271234576
440	440	0.18775114	0.884952526	0.000691222	0.127358941	0.994641244	0.136709106
441	441	0.176963007	0.588428233	0.000374906	0.198648988	0.980478282	0.143397799
442	442	0.139010866	0.700882588	0.000572892	0.433997525	0.818460482	0.723495558
443	443	0.079771317	0.892491956	0.00294647	0.015193537	0.881503361	0.203636224
444	444	0.307506386	0.415703615	0.000216883	0.495483388	0.942340729	0.55589962
445	445	0.103780948	0.960309776	0.001114774	0.024168999	0.998191358	0.776722673
446	446	0.18146853	0.731511875	0.000307108	0.313932078	0.748368512	0.351200631
447	447	0.15902339	0.993308474	0.00025329	0.406084385	0.879297448	0.838854154
448	448	0.248224852	0.533659557	0.000806701	0.445229316	0.966439431	0.210158861
449	449	0.113494387	0.974384475	0.000482065	0.129972137	0.957223681	0.089612191
450	450	0.103971932	0.630003332	0.003106275	0.028977704	0.906878039	0.329723831
451	451	0.170308321	0.88894886	6.8455E-05	0.274747686	0.999696749	0.617540552
452	452	0.222577663	0.877102886	0.000258345	0.271832535	0.823640985	0.195807247
453	453	0.087194899	0.628811018	0.001324271	0.262250497	0.957768408	0.410289464
454	454	0.286714096	0.555936848	0.000206036	0.604269479	0.970102066	0.345886715
455	455	0.066439324	0.94547458	0.005965049	0.024479836	0.889698282	0.963376026
456	456	0.178903476	0.769194939	0.000333966	0.084653886	0.721000864	0.070352266
457	457	0.162362557	0.562258784	0.000284075	0.151832546	0.896706274	0.456405088
458	458	0.223896145	0.280537853	0.00047109	0.40959226	0.870754737	0.05799656
459	459	0.132379314	0.864267689	0.000731024	0.095900225	0.938848304	0.304696885
460	460	0.212932574	0.799175345	0.000105083	0.596083074	0.996797652	0.156284826
461	461	0.237610162	0.466215834	2.85169E-05	0.359662007	0.938679644	0.820393925
462	462	0.166907869	0.775534544	0.000604116	0.373457118	0.85450547	0.140451472
463	463	0.075711989	0.918238378	0.001741089	0.138197455	0.957328779	0.466397322
464	464	0.120153871	0.874696517	0.000513847	0.346285965	0.990105204	0.351953805
465	465	0.206616364	0.938927708	0.000525603	0.311042238	0.965764466	0.747573406
466	466	0.295445254	0.693737225	0.000231163	0.191866261	0.808140386	0.858469088
467	467	0.393311762	0.391888092	1.70112E-05	0.459812131	0.914285725	0.973366145
468	468	0.135861227	0.601304268	0.001021229	0.606681913	0.796557241	0.662391948
469	469	0.121952309	0.911062162	0.001062473	0.073740651	0.988239367	0.01167173
470	470	0.311166294	0.967584975	1.92748E-05	0.388385121	0.978366874	0.259698176
471	471	0.193409398	0.259104354	8.14077E-05	0.299359822	0.995932542	0.197583335
472	472	0.109893443	0.961537047	0.001896608	0.465891233	0.89885708	0.107854286
473	473	0.187329301	0.875431887	0.000160879	0.210979799	0.948426905	0.174091845
474	474	0.225737181	0.858358716	0.000102477	0.181571088	0.879560813	0.161549586
475	475	0.085459238	0.931580143	0.003534641	0.374970476	0.997723254	0.287869274
476	476	0.185496551	0.299359822	0.001426512	0.371850306	0.88199627	0.95087679
477	477	0.271228807	0.332238691	4.1197E-05	0.262548485	0.890391281	0.251039127
478	478	0.181714721	0.933796813	0.002433498	0.442042582	0.968554148	0.30025545
479	479	0.075982271	0.954962049	0.002003925	0.244553278	0.997444488	0.02926679
480	480	0.245208175	0.894236386	4.24601E-05	0.47724565	0.9873324	0.30296078
481	481	0.267486495	0.737753058	6.2788E-05	0.157116415	0.978532885	0.115858282
482	482	0.194672547	0.904787223	0.000431509	0.589798111	0.889440765	0.722155975
483	483	0.11535649	0.885953096	0.00529461	0.115217437	0.982751156	0.988517926
484	484	0.071659686	0.897721612	0.001520428	0.103622516	0.936732873	0.361862619
485	485	0.080351017	0.973351352	0.003332091	0.054329088	0.971313095	0.061680584
486	486	0.136377965	0.684555104	0.003926133	0.02649325	0.902002907	0.211128753
487	487	0.209387499	0.209868983	0.000347225	0.306560315	0.941832961	0.664868407
488	488	0.287543123	0.60049662	0.000166551	0.684124752	0.947102549	0.551013215
489	489	0.259490342	0.796873571	0.000175357	0.092079365	0.987499929	0.016131852
490	490	0.227776617	0.898134164	9.39134E-05	0.264697149	0.934361032	0.74625094
491	491	0.110399552	0.913256948	0.000414357	0.503283412	0.890737982	0.349452437
492	492	0.250817213	0.745145839	4.88403E-05	0.204207818	0.895382505	0.391990366
493	493	0.125847864	0.830857145	0.003465284	0.117012068	0.994859654	0.978933183
494	494	0.082641929	0.792326673	0.000675022	0.06540182	0.975334806	0.102535243
495	495	0.074961627	0.862575662	0.004640594	0.36846176	0.95947148	0.336221704
496	496	0.099285644	0.638292968	0.003573469	0.017436276	0.94564789	0.451919418
497	497	0.205158682	0.700743845	0.00139249	0.094792975	0.999836437	0.862545323
498	498	0.069890487	0.992963494	0.002587693	0.323698648	0.864277007	0.261888079
499	499	0.142537816	0.814769557	0.001361136	0.229152496	0.898803247	0.187786096
500	500	0.166772105	0.862454332	0.000168994	0.336643701	0.934650187	0.833237077
501	501	0.132792749	0.77271638	0.000565445	0.3630165	0.896214105	0.833914482
502	502	0.096611359	0.873506781	0.000644065	0.127250575	0.981476916	0.395196416
503	503	0.137572262	0.746186319	0.004536411	0.14588153	0.935901112	0.322884785
504	504	0.22978424	0.750331203	8.3775E-05	0.060512932	0.939279462	0.571665369
505	505	0.236289434	0.736028461	0.000375492	0.241715982	0.968544481	0.697218118
506	506	0.13514892	0.73811558	0.000415103	0.020250987	0.993718496	0.940219242
507	507	0.201145526	0.633146455	0.000301162	0.050749518	0.902561312	0.275143067
508	508	0.068715334	0.991352092	0.001365785	0.126435303	0.937911685	0.670317036
509	509	0.169828885	0.886264379	0.00126286	0.028473975	0.950198749	0.066343507
510	510	0.198657029	0.775612965	9.65907E-05	0.532191325	0.930833086	0.871538753
511	511	0.073209182	0.991194652	0.006758244	0.081981623	0.819670714	0.899759754
512	512	0.240448331	0.846178247	0.000598785	0.119233737	0.883335554	0.720782601
513	513	0.121849645	0.812558341	0.006770569	0.826567932	0.970508803	0.565728978
514	514	0.146224365	0.363425008	0.001067572	0.216671085	0.987805496	0.907955186
515	515	0.190750916	0.670247323	0.000327007	0.229183277	0.998739417	0.323427359
516	516	0.13559055	0.905961717	0.000313556	0.063451919	0.991262007	0.779916624
517	517	0.345857327	0.426893448	2.32069E-05	0.169427081	0.964021381	0.860316676
518	518	0.139264911	0.867402036	0.000341631	0.549407322	0.971807628	0.751499427
519	519	0.152242385	0.517932991	0.000244196	0.329724944	0.871267739	0.771392175
520	520	0.219038682	0.729285221	3.76631E-05	0.584535093	0.919034458	0.924256055
521	521	0.044192437	0.937847061	0.004599983	0.091059199	0.875504974	0.306272697
522	522	0.098821323	0.998137196	0.002197	0.04681888	0.930963169	0.240559361
523	523	0.222435608	0.367461214	8.38839E-05	0.447067727	0.907720296	0.930555868
524	524	0.135530457	0.720269139	0.000815859	0.035449639	0.850760289	0.457633874
525	525	0.199016904	0.542820235	0.000318339	0.056189765	0.971739736	0.981774679
526	526	0.123592291	0.955987359	0.000587547	0.019223742	0.94727272	0.870215553
527	527	0.195998104	0.869671693	8.32112E-05	0.533869342	0.98181002	0.714499001
528	528	0.106427653	0.87344904	0.000729798	0.049784079	0.969114983	0.911690584
529	529	0.156506409	0.633253963	9.11349E-05	0.508738991	0.805667191	0.966087665
530	530	0.17906235	0.847533634	0.000591875	0.350162559	0.997524127	0.338151161
531	531	0.0613546	0.976219352	0.004966657	0.285822118	0.840813886	0.196103134
532	532	0.068029079	0.992386733	0.000307337	0.224037258	0.989344624	0.775080356
533	533	0.389544863	0.519233202	6.79145E-05	0.678328967	0.919484067	0.166731147
534	534	0.107787463	0.933146022	0.001948828	0.007960167	0.803474249	0.550038846
535	535	0.186787942	0.452807891	0.000211419	0.097721346	0.978454759	0.941237116
536	536	0.05773251	0.987957277	0.0042775	0.074912415	0.94263235	0.996880762
537	537	0.160904127	0.99678877	0.000505821	0.124430106	0.998221244	0.226255966
538	538	0.137151605	0.881715153	0.000874932	0.04713633	0.971361567	0.938791197
539	539	0.175423863	0.856717461	0.000141812	0.365211554	0.837446248	0.315016327
540	540	0.156056375	0.903196942	0.00093319	0.525113556	0.984154728	0.273057905
541	541	0.086335371	0.935175114	0.005984067	0.344753704	0.918869351	0.410160997
542	542	0.072402618	0.99123489	0.000637321	0.125332151	0.949658318	0.871913473
543	543	0.116502195	0.945554116	0.001317094	0.062542071	0.83951382	0.032353258
544	544	0.175371684	0.811050697	0.000199355	0.011518325	0.779850675	0.906211685
545	545	0.030357576	0.944240841	0.010610794	0.007768678	0.949933236	0.692071549
546	546	0.107526524	0.954904709	0.004687609	0.009617578	0.988624093	0.94377457
547	547	0.090996794	0.978122727	0.005268975	0.056833955	0.783409329	0.086394752
548	548	0.137151605	0.881715153	0.000874932	0.04713633	0.971361567	0.938791197
549	549	0.227575879	0.870107181	0.000132545	0.3504031	0.828192503	0.483247096
550	550	0.083708817	0.933367663	0.00237481	0.120384089	0.883441373	0.170429434
551	551	0.214440441	0.645647906	0.000386346	0.300185394	0.961666956	0.206699612
552	552	0.140245024	0.880654655	0.000117383	0.470419021	0.966005471	0.931581932
553	553	0.05997842	0.839642992	0.0020392	0.052024832	0.942895826	0.203087383
554	554	0.144593002	0.973235495	0.00047746	0.054822756	0.792163487	0.224018775
555	555	0.074768409	0.987649991	0.006051286	0.006332172	0.942622941	0.433335653
556	556	0.075027894	0.928139384	0.007905537	0.004064981	0.887020205	0.647184418
557	557	0.067322058	0.844718574	0.001279272	0.3515067	0.923853917	0.638874824
558	558	0.219295425	0.83927857	0.000142866	0.088667237	0.845662734	0.65256189
559	559	0.069960436	0.921688492	0.00063029	0.394590285	0.983653924	0.450176933
560	560	0.231683089	0.896906014	0.001293571	0.061604546	0.825097713	0.789222329
561	561	0.215979863	0.499799	0.000151062	0.542781322	0.975198535	0.215413933
562	562	0.176968259	0.779044781	7.69061E-05	0.573633657	0.984243131	0.976801136
563	563	0.060672005	0.909583942	0.001555127	0.006572393	0.853175754	0.694787474
564	564	0.16689278	0.934717932	0.000556784	0.338392374	0.924398143	0.890240159
565	565	0.071354161	0.928465468	0.002064084	0.005510222	0.997972218	0.654372495
566	566	0.076697997	0.786832784	0.009227781	0.018462035	0.911961513	0.208533694
567	567	0.062568995	0.957697338	0.004715691	0.070836078	0.912680932	0.37960684
568	568	0.206446222	0.986508023	0.000174794	0.044733944	0.990579626	0.725375628
569	569	0.042930482	0.980579352	0.003212227	0.027062231	0.952819915	0.043190789
570	570	0.306478139	0.967382869	0.00040143	0.050733042	0.777394061	0.59364872
571	571	0.073960434	0.917493824	0.007677124	0.043611609	0.958198675	0.076542398
572	572	0.19421152	0.859672021	9.12057E-05	0.066024266	0.960650087	0.165677543
573	573	0.078810182	0.98210336	0.000875486	0.004278139	0.85699999	0.87452173
574	574	0.232993025	0.903554523	5.19838E-05	0.350049	0.89675103	0.406327485
575	575	0.088483804	0.911192952	0.001871637	0.004445898	0.967549324	0.578779849
576	576	0.076914359	0.73637093	0.002470103	0.005239202	0.988298546	0.599876502
577	577	0.098718012	0.913951608	0.003146954	0.05410196	0.757419597	0.202590132
578	578	0.239889312	0.548612843	0.000423403	0.083214049	0.985127603	0.540230586
579	579	0.058874255	0.717070907	0.011250633	0.019377175	0.915472892	0.671243772
580	580	0.192397522	0.704679135	0.00031658	0.025559907	0.954819114	0.062855923
581	581	0.085719815	0.719132964	0.003547626	0.429165997	0.997972218	0.052411816
582	582	0.132754738	0.732917619	0.000180756	0.203881897	0.976727806	0.422677742
583	583	0.066181443	0.694810475	0.001481196	0.033425212	0.936882482	0.43635067
584	584	0.084995981	0.962928242	0.001562324	0.452045101	0.887099899	0.182485696
585	585	0.059823034	0.970145764	0.012274452	0.027102145	0.951983398	0.867848781
586	586	0.131819835	0.807616449	0.000575674	0.077265185	0.911724867	0.163402658
587	587	0.108127807	0.949516318	0.007939537	0.00666327	0.801247267	0.056245902
588	588	0.056751823	0.188702487	0.003644581	0.206038052	0.998998604	0.661732109
589	589	0.154811945	0.862049445	0.000475637	0.090535371	0.955333871	0.960367874
590	590	0.161369554	0.679059674	0.001286653	0.592054649	0.93544349	0.184109107
591	591	0.191611894	0.764249278	0.000213775	0.065655067	0.99584309	0.048233982
592	592	0.15810374	0.953475732	0.000428207	0.031673573	0.9509198	0.321841063
593	593	0.247362392	0.907999141	3.90031E-05	0.427809238	0.891547477	0.705796402
594	594	0.152378542	0.863740254	0.000768585	0.176808595	0.924019918	0.798880362
595	595	0.11625864	0.961272974	0.004743247	0.014343372	0.916991049	0.923492637
596	596	0.184319815	0.657016704	0.000510605	0.105140513	0.945723402	0.657732897
597	597	0.108490599	0.889675647	0.00063029	0.054105131	0.821825737	0.32513838
598	598	0.0708272	0.716303467	0.002611795	0.216419673	0.871459105	0.407678412
599	599	0.118045206	0.930508076	0.002821568	0.095428064	0.822720541	0.818541076
600	600	0.167416457	0.249136453	0.000971047	0.278868176	0.98289829	0.550543299
601	601	0.169518297	0.923910971	0.000364391	0.077271676	0.905232007	0.467526388
602	602	0.280663949	0.82244325	0.00071439	0.051111677	0.929505418	0.435009741
603	603	0.146411051	0.946168377	0.001173359	0.166615889	0.960726794	0.364153045
604	604	0.175147447	0.902638543	0.000641019	0.127444373	0.940818243	0.848595875
605	605	0.15812789	0.736706246	0.003930711	0.006024258	0.950644598	0.668713449
606	606	0.165064526	0.669128316	0.000172825	0.179044956	0.869668866	0.798521855
607	607	0.236913756	0.764623108	0.000179736	0.254151159	0.83883523	0.558865015
608	608	0.159003988	0.978212118	0.000175802	0.146600503	0.968099916	0.582279676
609	609	0.100980806	0.951629996	0.002920345	0.077568586	0.863819853	0.952009854
610	610	0.269084397	0.315127676	8.22869E-05	0.607589079	0.958954498	0.206763694
611	611	0.157515346	0.834853262	0.000227191	0.524640602	0.967597609	0.428778308
612	612	0.247289504	0.968002968	0.00080433	0.209127572	0.965022548	0.450722059
613	613	0.193650346	0.602655181	0.000259186	0.277502001	0.982300083	0.518938648
614	614	0.173123292	0.983100579	0.001091615	0.010930879	0.924850371	0.668819536
615	615	0.096033489	0.84514105	0.003875248	0.022963137	0.939560759	0.206909
616	616	0.199045485	0.334717445	0.000739124	0.585259367	0.906470775	0.238707237
617	617	0.189467417	0.515682091	0.000670652	0.028210137	0.827415656	0.14041005
618	618	0.277732169	0.542812452	7.79678E-05	0.268651785	0.977127564	0.282902505
619	619	0.12863353	0.834926153	0.001401465	0.029059125	0.920852595	0.960719695
620	620	0.144056834	0.258814514	0.000476528	0.02628593	0.972331525	0.32830469
621	621	0.121620874	0.694119608	0.000493285	0.162004964	0.987352107	0.165192429
622	622	0.20040357	0.972724036	0.002410766	0.342274051	0.996708123	0.779740698
623	623	0.128732435	0.691513639	0.000761269	0.095053291	0.942933471	0.79450775
624	624	0.107102253	0.839659546	0.000648477	0.061803892	0.904175419	0.6089958
625	625	0.079969755	0.760019512	0.007165595	0.028775062	0.891369503	0.164131886
626	626	0.258575697	0.561783217	0.00045811	0.654354649	0.977098308	0.184097333
627	627	0.178554317	0.955780389	0.000555929	0.11718388	0.947509119	0.988274606
628	628	0.193219032	0.985592979	7.75831E-05	0.09694484	0.96789703	0.089040882
629	629	0.118365012	0.825304694	0.000638193	0.05166911	0.938211302	0.762090528
630	630	0.16051297	0.276558683	8.5659E-05	0.481765973	0.952905509	0.883340769
631	631	0.082088448	0.974435847	0.005995081	0.002766518	0.960151638	0.274241541
632	632	0.20040357	0.972724036	0.002410766	0.342274051	0.996708123	0.779740698
633	633	0.175038013	0.604401387	0.000356764	0.326032233	0.999666819	0.685317635
634	634	0.096059546	0.844051055	0.001946903	0.120578786	0.967018347	0.785936683
635	635	0.17289085	0.968338065	0.0002461	0.058723878	0.900995048	0.773346163
636	636	0.222299787	0.440218886	0.000719319	0.62998026	0.93434238	0.056595811
637	637	0.18660774	0.748646365	0.001397998	0.074466944	0.830427925	0.694282463
638	638	0.193219032	0.985592979	7.75831E-05	0.09694484	0.96789703	0.089040882
639	639	0.231791004	0.514074206	4.67342E-05	0.124694676	0.974595277	0.461426689
640	640	0.206112091	0.556568166	4.30563E-05	0.610495091	0.89741368	0.56897731
641	641	0.075778815	0.946336761	0.006862229	0.009454698	0.994105351	0.342027904
642	642	0.289293094	0.881770564	0.000588591	0.369882665	0.979666417	0.427197875
643	643	0.205036076	0.708561434	0.000135899	0.282378826	0.996568872	0.814398818
644	644	0.057635057	0.884611732	0.003276592	0.195948113	0.936013216	0.71677376
645	645	0.127410423	0.950822469	0.000266078	0.066651867	0.983123938	0.419905765
646	646	0.273327266	0.520123524	0.001725836	0.052832767	0.929431199	0.121280233
647	647	0.182433271	0.254553238	0.000140802	0.609317483	0.877596256	0.388413148
648	648	0.237926569	0.868266367	1.8075E-05	0.08593939	0.996409751	0.198444663
649	649	0.096454367	0.749701637	0.002323395	0.111165714	0.880615059	0.22956948
650	650	0.211414164	0.971925183	0.000502506	0.197604142	0.931232684	0.811154513
651	651	0.121140779	0.919997507	0.001399514	0.023657007	0.959576825	0.411086328
652	652	0.289293094	0.881770564	0.000588591	0.369882665	0.979666417	0.427197875
653	653	0.142288079	0.798262381	0.000289432	0.219261277	0.993718496	0.930511132
654	654	0.151217151	0.411372637	0.000558723	0.068050507	0.931558065	0.957409662
655	655	0.127410423	0.950822469	0.000266078	0.066651867	0.983123938	0.419905765
656	656	0.217447818	0.518977763	0.000270725	0.217817385	0.993004696	0.10859735
657	657	0.12406405	0.356026919	0.000796499	0.100101058	0.972156861	0.660331377
658	658	0.143132295	0.885029686	0.000240853	0.336081519	0.942848771	0.8904232
659	659	0.095070219	0.886070454	0.00147242	0.015769611	0.906878039	0.542647187
660	660	0.322936056	0.595709912	7.84903E-05	0.18852415	0.8845709	0.254027103
661	661	0.129004733	0.741473612	0.001040594	0.005428045	0.941983382	0.191218305
662	662	0.19148396	0.543536273	0.000536747	0.132879672	0.904247625	0.460583031
663	663	0.206188263	0.694634128	0.000406927	0.148450973	0.956765202	0.938248086
664	664	0.086792706	0.971244957	0.005189051	0.133281252	0.945968857	0.618019011
665	665	0.172292727	0.832296717	5.92486E-05	0.355541889	0.990599399	0.988635964
666	666	0.093393271	0.536092065	0.001604325	0.375634806	0.961522995	0.194602431
667	667	0.078149225	0.835698845	0.000565856	0.419274887	0.972263596	0.711595614
668	668	0.049186946	0.9664596	0.003645115	0.125212221	0.881626563	0.069366229
669	669	0.111925462	0.876302327	0.002348175	0.002250662	0.942415978	0.643166355
670	670	0.446681697	0.538774602	2.17824E-05	0.613855149	0.917283995	0.241020343
671	671	0.187932138	0.913940312	5.84099E-05	0.155266399	0.963319257	0.902803146
672	672	0.159436115	0.924794677	0.000359921	0.063280673	0.800743449	0.021479268
673	673	0.078727307	0.785375167	0.001388507	0.269572002	0.996041882	0.815132498
674	674	0.329063652	0.97438759	2.1518E-05	0.521037316	0.959883349	0.453064506
675	675	0.230814649	0.338936981	0.000280697	0.561401208	0.889556195	0.581182278
676	676	0.080249947	0.289554855	0.001705476	0.629349559	0.907095321	0.308364539
677	677	0.083825157	0.951541872	0.006342828	0.134776936	0.957720613	0.405611164
678	678	0.180012438	0.652767411	2.48531E-05	0.835351938	0.99050054	0.232215582
679	679	0.081191756	0.984072204	0.00174509	0.002533948	0.99770334	0.4133196
680	680	0.238793269	0.531205001	3.34129E-05	0.709704763	0.926726241	0.343691529
681	681	0.124629628	0.943703618	0.001749366	0.003543831	0.978650086	0.79894551
682	682	0.249602168	0.265517888	1.65398E-05	0.276465627	0.803658772	0.315286586
683	683	0.078727307	0.785375167	0.001388507	0.269572002	0.996041882	0.815132498
684	684	0.244214517	0.850123199	0.000155724	0.462709256	0.997006584	0.317413867
685	685	0.261669102	0.743218936	5.9316E-05	0.440515238	0.948019942	0.160907148
686	686	0.094854017	0.600022834	0.001798988	0.0045876	0.91618593	0.457426779
687	687	0.075314736	0.82973037	0.002697421	0.009604011	0.968196543	0.819630413
688	688	0.127112204	0.682126669	0.000230718	0.563864841	0.98651487	0.588260235
689	689	0.073544878	0.918107316	0.003079278	0.018368078	0.912872265	0.218664664
690	690	0.173588867	0.970536514	0.000202959	0.499337871	0.902975836	0.423022295
691	691	0.121908866	0.827654215	0.003250846	0.005367787	0.842679416	0.321624573
692	692	0.116673688	0.958119866	0.000453983	0.148220982	0.88702906	0.06755619
693	693	0.081140765	0.80457382	0.003355227	0.191122309	0.947282175	0.989034249
694	694	0.189004237	0.95160483	0.000171239	0.109117709	0.830013504	0.590527987
695	695	0.245603736	0.676948355	4.29539E-05	0.72326966	0.993093893	0.042695231
696	696	0.112110001	0.985292153	0.001459855	0.065403692	0.928884015	0.999027669
697	697	0.068845893	0.880738223	0.001940696	0.000613563	0.951375483	0.612401818
698	698	0.173056118	0.695030865	0.00010791	0.359140576	0.911188088	0.419892798
699	699	0.112843177	0.780780793	0.000501731	0.016585846	0.9810558	0.270459195
700	700	0.076094905	0.924315727	0.010317108	0.085544453	0.942368947	0.138865287
701	701	0.309067593	0.033996663	3.23666E-05	0.143676169	0.841082536	0.790631585
702	702	0.161909732	0.752897512	0.000110384	0.515705288	0.891841211	0.375940036
703	703	0.188585871	0.945830471	0.000518367	0.405489043	0.929366262	0.957590918
704	704	0.181564837	0.898361032	0.000859809	0.008187154	0.723937059	0.017072631
705	705	0.216070653	0.98231042	1.99258E-05	0.762396414	0.957261897	0.080754517
706	706	0.089560697	0.894412846	0.001805593	0.100411357	0.908472647	0.161087967
707	707	0.126269557	0.791537863	0.001193405	0.008224974	0.99048077	0.562943388
708	708	0.232420116	0.542859148	7.08372E-05	0.507212126	0.876545617	0.154618165
709	709	0.084931234	0.953960549	0.00126345	0.002750373	0.930062251	0.885380425
710	710	0.094236692	0.969938332	0.000870575	0.154265516	0.977342135	0.852532716
711	711	0.136524652	0.391062149	0.002840308	0.140726983	0.992360733	0.070930942
712	712	0.183315497	0.471532134	0.000199523	0.449535426	0.988446509	0.746613546
713	713	0.276074396	0.771004801	5.8589E-05	0.145015878	0.921606611	0.36624313
714	714	0.091374406	0.794947826	0.000496865	0.472115495	0.874421918	0.887424325
715	715	0.155121155	0.935140981	4.48744E-05	0.351232301	0.998031979	0.002458196
716	716	0.168629605	0.807324807	0.000372419	0.21931599	0.832602872	0.303324049
717	717	0.118515521	0.757179765	0.001153363	0.019764793	0.996081645	0.334723211
718	718	0.137494126	0.916615754	0.002740399	0.037525083	0.887099899	0.298752676
719	719	0.060422406	0.902200973	0.003865934	0.035956594	0.886860839	0.761655219
720	720	0.136029	0.921192637	0.000480734	0.471888187	0.948502638	0.21361991
721	721	0.381483494	0.106830457	7.69395E-05	0.037667047	0.975597668	0.02496997
722	722	0.172911502	0.285412527	0.000794537	0.293076304	0.936517853	0.971926108
723	723	0.3126386	0.620394207	0.000259489	0.045014499	0.93555554	0.165055058
724	724	0.120263211	0.883603891	0.000609884	0.125747761	0.894971461	0.586370845
725	725	0.128918044	0.758334891	9.68909E-05	0.63163309	0.99174688	0.109688561
726	726	0.222423259	0.864753868	0.00143514	0.157956244	0.920723922	0.399448708
727	727	0.107187711	0.750973792	0.00108394	0.025232484	0.89023131	0.853624871
728	728	0.107826827	0.977569082	0.001739359	0.047681962	0.958705681	0.64376024
729	729	0.115787911	0.975407385	0.007583889	0.017828613	0.844624964	0.691707986
730	730	0.23692664	0.722871202	0.000196954	0.398168292	0.900194962	0.542412401
731	731	0.252479004	0.145508473	0.000742495	0.016907532	0.889875922	0.315568247
732	732	0.079735028	0.417930573	0.001654867	0.044324675	0.955820283	0.394646531
733	733	0.112973179	0.67803059	0.001151381	0.035041443	0.982555012	0.20236287
734	734	0.14831558	0.89906895	9.53251E-05	0.272293011	0.832345234	0.040294373
735	735	0.217198634	0.792755189	6.93006E-05	0.035107026	0.945912208	0.270803064
736	736	0.126834905	0.417756303	0.001129972	0.29808443	0.931948673	0.088839467
737	737	0.108850767	0.691263002	0.001151291	0.059607331	0.997275275	0.821716954
738	738	0.186798867	0.87249887	0.000191217	0.082264285	0.977303119	0.162750984
739	739	0.05958298	0.945031499	0.006387192	0.008130734	0.931567364	0.164373114
740	740	0.220674337	0.851215499	0.000585702	0.74683318	0.9032012	0.744695352
741	741	0.16693302	0.114116687	0.000302438	0.031370139	0.789542012	0.761925858
742	742	0.072781692	0.589743632	0.001639826	0.008663495	0.963828967	0.8430122
743	743	0.136446979	0.635518054	0.003249169	0.033619201	0.91014273	0.002844607
744	744	0.141310238	0.81043628	0.00233848	0.034154809	0.800927346	0.460047614
745	745	0.200041923	0.861877157	0.001058395	0.123267565	0.972467396	0.868751671
746	746	0.12281183	0.677754526	0.001706652	0.126203611	0.969056951	0.008340699
747	747	0.080014531	0.738234055	0.002173726	0.00856652	0.919144546	0.640957709
748	748	0.206933441	0.995628924	0.000387394	0.064071024	0.854795555	0.881534778
749	749	0.191272726	0.536682884	0.000911761	0.009710442	0.997125993	0.537766437
750	750	0.17532995	0.603865966	0.000308663	0.379535326	0.97250622	0.373065542
751	751	0.325304701	0.117140908	1.54465E-05	0.568917057	0.820817171	0.651306589
752	752	0.097303956	0.841907554	0.001334691	0.048207453	0.916551806	0.398585247
753	753	0.174413638	0.630572344	0.000653862	0.326077203	0.869764368	0.21161055
754	754	0.161644384	0.882452658	0.003069041	0.169966435	0.862940726	0.238405002
755	755	0.092464492	0.474048866	0.001796379	0.041082569	0.878648152	0.792107966
756	756	0.131798838	0.907648449	0.001207168	0.03294265	0.8499114	0.913315431
757	757	0.121711553	0.808441567	0.002445581	0.028115071	0.989482868	0.512077821
758	758	0.070701021	0.981206941	0.00158228	0.095472084	0.995654275	0.20706721
759	759	0.144976918	0.310173979	0.000476141	0.033493198	0.989532245	0.229261441
760	760	0.17532995	0.603865966	0.000308663	0.379535326	0.97250622	0.373065542
761	761	0.301441127	0.108721685	5.37933E-05	0.469609274	0.985609482	0.045445045
762	762	0.057154125	0.876970468	0.00754238	0.004047249	0.962243019	0.330978484
763	763	0.076414798	0.967298375	0.000575581	0.215151004	0.884041255	0.935980184
764	764	0.127406334	0.871602683	0.003786088	0.159249955	0.85680324	0.161930297
765	765	0.112880308	0.78707527	0.000595992	0.004993417	0.881450566	0.67115113
766	766	0.124895067	0.634543642	0.002518144	0.025437771	0.898910916	0.849510473
767	767	0.13425198	0.766209039	0.004192174	0.013949185	0.912717373	0.564726744
768	768	0.121983911	0.679879319	0.000391227	0.066505407	0.995435691	0.939297853
769	769	0.105562859	0.570585485	0.007991342	0.007249002	0.947840177	0.558754415
770	770	0.164820232	0.46144436	0.001509801	0.1634842	0.908481715	0.953357855
771	771	0.314199042	0.146846914	2.40066E-05	0.530296535	0.997713297	0.039888389
772	772	0.10743371	0.916368482	0.003117551	0.001688498	0.999936226	0.205386949
773	773	0.202519485	0.671905291	8.69879E-05	0.153734536	0.973438455	0.753754173
774	774	0.081027547	0.873073343	0.004755884	0.025051639	0.982829625	0.462016182
775	775	0.077672948	0.894451556	0.000781801	0.261874113	0.997414625	0.741170306
776	776	0.190058602	0.285027016	0.001539521	0.008597858	0.925866382	0.019630392
777	777	0.093715206	0.942195749	0.001652077	0.01953677	0.919227121	0.20003364
778	778	0.154849977	0.779245907	0.000237296	0.159261718	0.939917188	0.683008429
779	779	0.146743896	0.501659803	0.003055441	0.001860752	0.952230475	0.033358322
780	780	0.296229801	0.84905304	0.000194744	0.032967033	0.789849507	0.643173104
781	781	0.305572485	0.265823965	7.47274E-05	0.690754173	0.982270672	0.067197431
782	782	0.077738496	0.850303794	0.001417276	0.004118912	0.974352134	0.673762202
783	783	0.173449098	0.699889032	0.000269488	0.347242982	0.88997364	0.408639917
784	784	0.081027547	0.873073343	0.004755884	0.025051639	0.982829625	0.462016182
785	785	0.063531816	0.871573554	0.002490559	0.093068593	0.998380653	0.316419739
786	786	0.129757961	0.741314086	0.001856012	0.299952872	0.819597067	0.727474795
787	787	0.107651568	0.951041132	0.001364727	0.067248191	0.928402017	0.330984272
788	788	0.201681625	0.903424593	0.000127658	0.170540159	0.980899151	0.767973119
789	789	0.247680612	0.567014683	0.001681731	0.004620762	0.953838032	0.103424105
790	790	0.132818094	0.836687014	0.003021911	0.038281641	0.81180361	0.761714065
791	791	0.186744245	0.614915067	0.000953443	0.101456035	0.909053198	0.609564889
792	792	0.106102244	0.817446672	0.001542013	0.008563045	0.904617772	0.620027528
793	793	0.133988059	0.680214464	0.001259328	0.307211527	0.938482912	0.166767569
794	794	0.204330627	0.921999087	0.00070176	0.025736018	0.906868987	0.837951296
795	795	0.089361026	0.825968643	0.000752996	0.120553649	0.943554838	0.302086693
796	796	0.116895022	0.725542622	0.003092978	0.143257042	0.790891146	0.427687446
797	797	0.190617851	0.502990929	0.003371314	0.162948725	0.9444688	0.840857177
798	798	0.099135129	0.854627036	0.001193964	0.147943141	0.958122169	0.54361402
799	799	0.331172439	0.247148221	0.000534881	0.058885974	0.858378501	0.434247908
800	800	0.204342274	0.928820332	0.000600912	0.043242711	0.828316536	0.797929071
801	801	0.283881535	0.60353226	0.00025869	0.221472354	0.949440337	0.468481315
802	802	0.05876653	0.700853381	0.002986069	0.014661691	0.970760679	0.102522908
803	803	0.04541288	0.988451998	0.00937648	0.005899328	0.904924838	0.508395789
804	804	0.161914649	0.773084283	0.000647125	0.121154952	0.921523823	0.724045712
805	805	0.125290026	0.692456671	0.000212095	0.238822008	0.994035904	0.756641863
806	806	0.088938331	0.853994419	0.003501086	0.16356824	0.89680474	0.10346884
807	807	0.246468822	0.412217104	0.00110868	0.314221295	0.89799614	0.922609295
808	808	0.070308565	0.68030382	0.002773467	0.175183185	0.984066332	0.049668413
809	809	0.219215935	0.344012103	0.000312029	0.065950659	0.867518497	0.649418334
810	810	0.196802184	0.905553928	0.000137471	0.133905964	0.815662544	0.883911175
811	811	0.2333436	0.891562659	0.001176387	0.175969075	0.996320257	0.572093753
812	812	0.074065288	0.785407182	0.012401917	0.003283302	0.945223249	0.692110494
813	813	0.10460595	0.965296979	0.00082054	0.148573502	0.93573298	0.717839364
814	814	0.080056527	0.652144238	0.00262314	0.178543776	0.979324265	0.963594749
815	815	0.12645643	0.951322312	0.000510481	0.329505176	0.873418666	0.382112535
816	816	0.291078685	0.707525375	7.13319E-05	0.078733057	0.870311538	0.73225407
817	817	0.183089267	0.493190766	0.003032001	0.368194358	0.878735867	0.912224612
818	818	0.079253423	0.871345243	0.001963698	0.192766359	0.860961657	0.085505797
819	819	0.10052354	0.760597873	0.001950014	0.017319085	0.895293132	0.301779196
820	820	0.171660181	0.907774641	0.000140024	0.108715912	0.828738384	0.792130045
821	821	0.318635993	0.504784852	8.03564E-05	0.231649939	0.993103804	0.633568925
822	822	0.212740864	0.066657579	0.000594505	0.159391155	0.899467411	0.920668013
823	823	0.073824311	0.962741923	0.009287253	0.040471575	0.988229504	0.531730806
824	824	0.252378292	0.356599966	0.000166157	0.219983267	0.865217952	0.285825162
825	825	0.178205657	0.892713714	0.000197968	0.030262536	0.853627285	0.062656524
826	826	0.238262653	0.847394105	0.000397012	0.037030879	0.878174643	0.297983914
827	827	0.165408991	0.798945741	0.002493174	0.138439635	0.881925838	0.999397905
828	828	0.173982738	0.876302327	0.000183895	0.039240738	0.851006625	0.285602132
829	829	0.084663851	0.898256041	0.007688852	0.005462661	0.96091859	0.359349679
830	830	0.169391129	0.977870899	0.000470324	0.00562533	0.763577827	0.239232044
831	831	0.253837773	0.783720194	0.000305358	0.128393794	0.974235446	0.644826006
832	832	0.159115577	0.101143042	0.001978223	0.282508509	0.984351191	0.950375132
833	833	0.137946053	0.971776037	0.001092042	0.042879192	0.9562115	0.661418738
834	834	0.213616511	0.225936483	0.000277334	0.018934896	0.956087439	0.062335091
835	835	0.095354801	0.592708108	0.000556109	0.032606019	0.991776574	0.177939644
836	836	0.106910173	0.983228186	0.000410979	0.022618254	0.930238651	0.387685685
837	837	0.201854774	0.517631231	0.001159962	0.152222063	0.900203948	0.735040597
838	838	0.088179834	0.912467204	0.001731524	0.001211806	0.999028515	0.046031906
839	839	0.049083735	0.887163656	0.010854143	0.033629548	0.969656787	0.622934844
840	840	0.135470384	0.655568686	0.000861447	0.064584177	0.809189951	0.243846706
841	841	0.161119568	0.94985294	0.001128028	0.152267495	0.987628059	0.785617411
842	842	0.220533111	0.235120513	0.001493589	0.08992787	0.968128903	0.969603115
843	843	0.126513348	0.98786558	0.000281865	0.332803804	0.990737818	0.863168105
844	844	0.140461098	0.189600528	0.000734183	0.064957428	0.804622189	0.447899031
845	845	0.097379698	0.595772108	0.000763578	0.350964704	0.855973966	0.728512758
846	846	0.127754261	0.705311596	0.000160267	0.366126992	0.952002402	0.921977037
847	847	0.235935922	0.395405419	0.000228718	0.266965272	0.957969175	0.171599009
848	848	0.111582869	0.840596055	0.010169274	0.010033439	0.954066544	0.349428602
849	849	0.084593449	0.869357994	0.004175482	0.015432353	0.996071704	0.509965429
850	850	0.211360501	0.365512018	7.31979E-05	0.036644237	0.871267739	0.01520317
851	851	0.256277709	0.78782743	0.000531642	0.389595779	0.991568736	0.675886446
852	852	0.263638435	0.134866346	0.000289672	0.238189161	0.989956993	0.66682227
853	853	0.154062274	0.983661112	0.000296603	0.3396332	0.922204745	0.885278397
854	854	0.09546494	0.746681846	0.007104347	0.104317846	0.93835178	0.408909306
855	855	0.106903065	0.959071338	0.004306403	0.11334982	0.763631198	0.158010806
856	856	0.187072151	0.648735423	7.53989E-05	0.332771312	0.963107759	0.854603266
857	857	0.153296486	0.393627282	0.001081817	0.044660375	0.977751902	0.163783126
858	858	0.087849493	0.906936507	0.006843998	0.024330116	0.97271007	0.636220379
859	859	0.047533052	0.924433072	0.008205081	0.099319447	0.913264168	0.866243412
860	860	0.227757793	0.371946757	0.000391259	0.104625018	0.892981459	0.0206799
861	861	0.226417701	0.785054896	0.000647021	0.510976857	0.969027936	0.440487735
862	862	0.263638435	0.134866346	0.000289672	0.238189161	0.989956993	0.66682227
863	863	0.185018696	0.878309547	7.25203E-05	0.347189778	0.947215993	0.373601396
864	864	0.22578708	0.707989215	0.000290587	0.059662608	0.942011589	0.488733599
865	865	0.116761418	0.693192817	0.001103915	0.244757186	0.85952752	0.008098216
866	866	0.145420522	0.826458529	0.002421288	0.026319828	0.983771737	0.802318521
867	867	0.192062931	0.549368375	0.000132161	0.238484347	0.991687495	0.910299146
868	868	0.079927797	0.946539944	0.001199847	0.053247139	0.927605415	0.889804645
869	869	0.098837994	0.896829736	0.001174734	0.064808645	0.950872346	0.894146995
870	870	0.053795918	0.93133824	0.007527195	0.080104206	0.914422627	0.897823747
871	871	0.14673477	0.716898833	0.000729973	0.130493893	0.921505427	0.620935596
872	872	0.152928806	0.875260217	0.000353373	0.498992084	0.930656573	0.568714699
873	873	0.242607893	0.902707947	7.66795E-05	0.068073773	0.942039797	0.666988276
874	874	0.237803848	0.682765843	0.000567596	0.212085115	0.894685628	0.514363237
875	875	0.17998585	0.521091532	0.000431509	0.372608463	0.697573062	0.45157341
876	876	0.051245419	0.884270313	0.005156882	0.143022609	0.976396423	0.893291324
877	877	0.133886004	0.79034882	0.000604164	0.006388909	0.854215484	0.73179678
878	878	0.151562988	0.738199212	0.000139204	0.549827956	0.991202651	0.842375073
879	879	0.239130161	0.715025211	0.00012481	0.119779656	0.965099604	0.730738909
880	880	0.185197787	0.496565356	0.000735416	0.002804447	0.8855339	0.862997229
881	881	0.343017659	0.821947428	6.35045E-05	0.386509246	0.93368047	0.939285161
882	882	0.20341203	0.550926368	9.34205E-05	0.289572816	0.907593455	0.386270162
883	883	0.328262939	0.781846496	3.65974E-05	0.386754906	0.994730588	0.966185935
884	884	0.19736416	0.914814712	0.001623417	0.107417802	0.879736433	0.90398913
885	885	0.229645403	0.264397568	0.000138282	0.029104449	0.619803815	0.622511938
886	886	0.179619219	0.387956178	0.000214548	0.18457095	0.963309643	0.781485659
887	887	0.140386105	0.907031639	0.000331357	0.092014068	0.902192005	0.145984853
888	888	0.151562988	0.738199212	0.000139204	0.549827956	0.991202651	0.842375073
889	889	0.270940873	0.486114097	0.000144271	0.825535784	0.990658719	0.464886394
890	890	0.256535412	0.296405247	0.000678874	0.008632514	0.756369107	0.329787368
891	891	0.354259345	0.898230833	0.001397349	0.260691099	0.806488065	0.489842128
892	892	0.248823079	0.830203193	0.000282545	0.066800515	0.873837275	0.436791392
893	893	0.328262939	0.781846496	3.65974E-05	0.386754906	0.994730588	0.966185935
894	894	0.16935045	0.905497867	0.003830007	0.319885666	0.861838771	0.428000881
895	895	0.108555358	0.966624065	0.000714676	0.019434614	0.612676628	0.897247323
896	896	0.087961512	0.967119455	0.00507418	0.183319443	0.927688749	0.64653788
897	897	0.109995242	0.883173571	0.001111723	0.11952672	0.921496229	0.405214857
898	898	0.141736293	0.574592462	0.000570077	0.218337597	0.964945499	0.502064184
899	899	0.337573323	0.370212538	0.000143049	0.749482507	0.987184603	0.684101515
900	900	0.331077863	0.676403139	6.40667E-05	0.003469347	0.712953679	0.977337408
901	901	0.397033799	0.954432017	0.000968524	0.042581131	0.820112729	0.865043571
902	902	0.169803411	0.781556086	0.002233952	0.125144194	0.99519729	0.333315509
903	903	0.328262939	0.781846496	3.65974E-05	0.386754906	0.994730588	0.966185935
904	904	0.19198492	0.940892201	0.001554169	0.263866781	0.906398392	0.439188496
905	905	0.15209694	0.931260706	0.00047359	0.061761128	0.563966475	0.540361754
906	906	0.235711142	0.708930646	0.000873754	0.068355459	0.997573905	0.866131068
907	907	0.0793729	0.841436325	0.001576207	0.132703013	0.966863935	0.539636906
908	908	0.262129616	0.509448738	7.98703E-05	0.091445632	0.955257593	0.940859392
909	909	0.178935243	0.363438629	0.001113466	0.649603505	0.960698028	0.927731954
910	910	0.092616123	0.603920287	0.001337593	0.045543595	0.759919406	0.720016439
911	911	0.322866075	0.977080333	0.000805162	0.331933623	0.904337891	0.717788954
912	912	0.151039793	0.698286957	0.000125785	0.335911659	0.853533551	0.568044332
913	913	0.292591243	0.570460745	5.55082E-05	0.466125241	0.992093364	0.588287812
914	914	0.165779013	0.987839768	0.001249272	0.076104461	0.949667797	0.374902525
915	915	0.143262171	0.947414002	0.000443332	0.105613023	0.582784296	0.798494682
916	916	0.094783114	0.878994471	0.002698628	0.080625598	0.986642872	0.542288105
917	917	0.199778155	0.878050916	9.17348E-05	0.175394184	0.984862178	0.685520185
918	918	0.141927451	0.97526215	0.000279486	0.274116789	0.989828562	0.655364028
919	919	0.273553196	0.701254905	0.000520473	0.032637225	0.977186079	0.373983494
920	920	0.053590839	0.894421449	0.008151441	0.039587204	0.767016387	0.850232431
921	921	0.264792652	0.871491002	0.000516731	0.453840577	0.786850632	0.385088196
922	922	0.200995829	0.487917251	0.000152557	0.317596421	0.87487594	0.14664309
923	923	0.21060425	0.853957773	0.000254667	0.647783072	0.956221044	0.853916519
924	924	0.112158021	0.909100642	0.002436056	0.294151151	0.979969565	0.745658221
925	925	0.195320423	0.657016704	0.000891153	0.068031123	0.573894126	0.408967042
926	926	0.089180106	0.908069961	0.004647953	0.121872763	0.968679824	0.657806443
927	927	0.115526634	0.987122204	0.000334187	0.127020954	0.984940815	0.693278128
928	928	0.215272598	0.962509079	0.000139453	0.099177642	0.979236302	0.85545109
929	929	0.134039109	0.356283046	0.001624664	0.085188685	0.948483704	0.017424591
930	930	0.053590839	0.894421449	0.008151441	0.039587204	0.767016387	0.850232431
931	931	0.14064651	0.93207179	0.000689453	0.061755784	0.786049715	0.128059731
932	932	0.123364916	0.814238894	0.00120651	0.147540076	0.960324149	0.321459412
933	933	0.192140965	0.876506319	0.000919941	0.287041182	0.999926246	0.626083675
934	934	0.112158021	0.909100642	0.002436056	0.294151151	0.979969565	0.745658221
935	935	0.156909396	0.897810106	0.007873307	0.003644345	0.633598439	0.116221681
936	936	0.094883036	0.762228884	0.006214948	0.111262763	0.953961803	0.682608879
937	937	0.071710715	0.966252192	0.00062499	0.043982007	0.991014713	0.265978798
938	938	0.234218377	0.979253341	0.000151898	0.071363675	0.910524374	0.926260896
939	939	0.375155324	0.407096608	3.94822E-05	0.095381473	0.971642755	0.361844422
940	940	0.16983398	0.686030392	0.000286968	0.499291763	0.705263756	0.73497292
941	941	0.115062049	0.782156072	0.000584569	0.476576949	0.656760222	0.252174643
942	942	0.075776141	0.983600915	0.001106252	0.10533999	0.939382595	0.714385091
943	943	0.184574224	0.794151224	0.001651697	0.094792975	0.965870501	0.51903489
944	944	0.123392822	0.632293876	0.000572106	0.049233095	0.924324331	0.086844311
945	945	0.236013021	0.634881285	0.00112169	0.080314205	0.66352428	0.513834637
946	946	0.192531475	0.938141746	0.000902221	0.100262853	0.99909831	0.999629643
947	947	0.064544626	0.96077311	0.001087771	0.154089638	0.990036036	0.109308214
948	948	0.146743896	0.965401061	0.000273305	0.232524602	0.972108349	0.118939332
949	949	0.164700676	0.890024678	0.000733012	0.026453329	0.986396729	0.149155642
950	950	0.209541547	0.758611508	0.00098756	0.086319225	0.812914733	0.183854129
951	951	0.268860754	0.139786521	0.000221292	0.227622208	0.764561971	0.32716492
952	952	0.044918128	0.859631087	0.005843412	0.034978116	0.912708263	0.335358314
953	953	0.154902281	0.835178335	0.004398978	0.024948273	0.973652218	0.19034388
954	954	0.162475911	0.910011256	0.001877493	0.093887862	0.85352503	0.482352179
955	955	0.125261782	0.940428727	0.000262315	0.353088358	0.648612399	0.354866691
956	956	0.116289062	0.97959591	0.004364758	0.128946935	0.970489431	0.997406171
957	957	0.093527034	0.959240173	0.001261093	0.247564482	0.982505982	0.247372202
958	958	0.169121766	0.847243762	0.000256906	0.234666486	0.992667802	0.587949978
959	959	0.207397924	0.966597334	0.000235694	0.087611719	0.972185969	0.371982645
960	960	0.292664786	0.377318943	2.32465E-05	0.463319499	0.712220761	0.040463075
961	961	0.249135858	0.340428893	0.000126097	0.658470923	0.745936436	0.321681536
962	962	0.04031681	0.983620635	0.001924087	0.093653168	0.972826575	0.567836997
963	963	0.122776087	0.957443685	0.009491706	0.300552757	0.945308162	0.486565796
964	964	0.156794177	0.650174367	0.000830046	0.465944071	0.850573461	0.248637452
965	965	0.112843177	0.8549245	0.002309272	0.20456724	0.652921352	0.561941087
966	966	0.087879757	0.981720537	0.005686822	0.036963177	0.983222062	0.569032597
967	967	0.330920268	0.109994908	7.67328E-05	0.359479123	0.962204604	0.451713134
968	968	0.132206645	0.98170021	0.000232229	0.277467027	0.973924348	0.34700785
969	969	0.235646945	0.909439909	0.000163698	0.504222669	0.995664211	0.299227612
970	970	0.246687056	0.32178892	2.90792E-05	0.566741799	0.757623818	0.111265745
971	971	0.167668659	0.536807275	0.001820401	0.377346696	0.667158847	0.320298948
972	972	0.096490326	0.818815987	0.000891647	0.054660961	0.869894616	0.66433623
973	973	0.129285756	0.796274278	0.007749353	0.106992708	0.971710641	0.986735457
974	974	0.178284854	0.440945076	0.000887492	0.066968567	0.950113397	0.064547588
975	975	0.190978388	0.644075391	0.000169467	0.197184569	0.66095159	0.358045225
976	976	0.087879757	0.981720537	0.005686822	0.036963177	0.983222062	0.569032597
977	977	0.3257108	0.159591353	0.000122894	0.416239961	0.997902502	0.062787773
978	978	0.160620467	0.902989314	0.000113	0.319225187	0.917393874	0.608344299
979	979	0.246396105	0.84961794	0.000129525	0.402039232	0.997713297	0.349095004
980	980	0.111376984	0.201222654	0.000980583	0.394066166	0.807938703	0.864691484
981	981	0.197733753	0.900500112	0.000272238	0.055237976	0.668245748	0.705233491
982	982	0.085476983	0.739855783	0.004928343	0.31258864	0.756950853	0.342357928
983	983	0.236875106	0.369394995	0.00073477	0.085546814	0.842334571	0.592856681
984	984	0.048777067	0.991934829	0.00337305	0.024159822	0.991915157	0.107653764
985	985	0.168999895	0.942896532	0.002104335	0.00558433	0.683233023	0.904550643
986	986	0.217186484	0.92920367	0.00167068	0.003564695	0.91017907	0.563586234
987	987	0.313885076	0.22688267	7.14002E-05	0.528379299	0.977176326	0.025935151
988	988	0.256569332	0.961375356	2.44186E-05	0.267727908	0.877202119	0.1347615
989	989	0.192838703	0.790931092	0.000520389	0.471766969	0.988930008	0.655893014
990	990	0.088993371	0.493436014	0.00459932	0.010327434	0.900428622	0.237368053
991	991	0.141164011	0.824766783	0.000558949	0.330125908	0.796652681	0.681789665
992	992	0.259517676	0.602166108	0.001439361	0.318102913	0.775363109	0.285018516
993	993	0.181837908	0.475619939	0.000392223	0.43950053	0.94578948	0.717309897
994	994	0.2539119	0.838060541	0.000148971	0.022283837	0.930192227	0.151938921
995	995	0.138503851	0.969180272	0.000859673	0.096769204	0.645981315	0.984477231
996	996	0.127263287	0.828902664	0.003351772	0.047261316	0.922628274	0.67044947
997	997	0.229348985	0.448125809	0.000372051	0.254283303	0.999786546	0.001963041
998	998	0.1283783	0.76585627	8.31176E-05	0.828026965	0.931697549	0.665925458
999	999	0.193398196	0.970456593	0.000183446	0.221061897	0.918383374	0.289215594


