M0H
310573.622702471000000000
170462.570968475000000000
29823.075481614600000000
1069.319880533470000000
M0L
1528302.962202980000000000
999604.492091022000000000
327348.662595314000000000
42744.478799791400000000
F0H
182920.253024348000000000	1	0	0	0.45	0.2	0.05	0.3
72163.843362868200000000	0.85	0.12	0.03	0.45	0.2	0.05	0.3
5432.144196037120000000	0.75	0.2	0.05	0.45	0.2	0.05	0.3
207.312047861963000000	0.7	0.24	0.06	0.45	0.2	0.05	0.3
F0L
1672209.667863740000000000	1	0	0	0.45	0.2	0.05	0.3
867028.380928259000000000	0.85	0.12	0.03	0.45	0.2	0.05	0.3
178914.468638272000000000	0.75	0.2	0.05	0.45	0.2	0.05	0.3
24000.091057899400000000	0.7	0.24	0.06	0.45	0.2	0.05	0.3
MH,0																									
2992.587649		1	0	0	0	0	1	0	0	0	0	0	0	1	0	0	0.971435	0.0219103	0.00665463	1	0	0	1	0	0
17632.29213		0.9	0	0.03	0	0.07	0.97	0	0.01	0.01	0.01	0	0	0.98	0.01	0.01	0.922086	0.0584544	0.0194597	0.86	0.02	0.12	0.9	0.01	0.09
14359.32819		0.8	0	0.06	0	0.14	0.94	0	0.01	0.01	0.02	0.01	0.01	0.98	0.01	0.01	0.919859	0.0518182	0.0283232	0.9	0.01	0.09	0.82	0.02	0.16
7067.373569		0.7	0	0.08	0	0.22	0.93	0	0.01	0.01	0.03	0.01	0.01	0.98	0.01	0.01	0.916418	0.0493037	0.0342786	0.92	0.01	0.07	0.75	0.03	0.22
3106.893046		0.6	0	0.1	0	0.3	0.92	0	0.01	0.01	0.04	0.01	0.01	0.98	0.01	0.01	0.916442	0.049009	0.0345488	0.93	0.01	0.06	0.75	0.03	0.22
1655.484666		0.5	0	0.12	0	0.38	0.93	0	0.01	0.01	0.03	0.01	0.01	0.98	0.01	0.01	0.926089	0.0428026	0.0311087	0.93	0.01	0.06	0.75	0.03	0.22
1314.25106		0.45	0	0.13	0	0.42	0.94	0	0.01	0.01	0.02	0.01	0.01	0.98	0.01	0.01	0.942983	0.0323165	0.0247007	0.93	0.01	0.06	0.75	0.03	0.22
1572.414222		0.4	0	0.14	0	0.46	0.97	0	0	0	0.02	0	0.01	0.99	0	0.01	0.96307	0.0203416	0.0165889	0.93	0.01	0.06	0.75	0.03	0.22
1917.381176		0.35	0	0.15	0	0.5	0.97	0	0	0	0.02	0	0.01	0.99	0	0.01	0.978417	0.0115274	0.0100554	0.94	0	0.06	0.8	0.02	0.18
2916.336135		0.3	0	0.16	0	0.54	0.97	0	0	0	0.02	0	0.01	1	0	0	0.988136	0.00616548	0.00569811	0.95	0	0.05	0.85	0.02	0.13
3990.245057		0.3	0	0.14	0	0.56	0.99	0	0	0	0.01	0	0	1	0	0	0.993923	0.00309613	0.002981	0.96	0	0.04	0.89	0.02	0.09
4973.222944		0.3	0	0.12	0	0.58	0.99	0	0	0	0.01	0	0	1	0	0	0.996422	0.00179688	0.00178086	0.97	0	0.03	0.93	0.01	0.06
4616.096862		0.3	0	0.1	0	0.6	0.99	0	0	0	0.01	0	0	1	0	0	0.998367	0.000818739	0.000814645	0.98	0	0.02	0.96	0	0.04
1610.347313		0.3	0	0.08	0	0.62	0.99	0	0	0	0.01	0	0	1	0	0	0.999313	0.000347934	0.000338932	0.99	0	0.01	0.99	0	0.01
219.764978		0.3	0	0.06	0	0.64	0.99	0	0	0	0.01	0	0	1	0	0	0.999697	0.000157072	0.000146329	1	0	0	1	0	0
11.37669395		0.3	0	0.04	0	0.66	0.99	0	0	0	0.01	0	0	1	0	0	0.999854	7.78E-05	6.85E-05	1	0	0	1	0	0
MH,1,S																									
855.8579498		1	0	0	0	0	1	0	0	0	0	0	0	1	0	0	0.921799	0.0638883	0.0143123	1	0	0	1	0	0
15128.1157		0.9	0	0.03	0	0.07	0.97	0	0.01	0.01	0.01	0	0	0.98	0.01	0.01	0.849625	0.119515	0.0308597	0.86	0.02	0.12	0.9	0.01	0.09
23613.30498		0.8	0	0.06	0	0.14	0.94	0	0.01	0.01	0.02	0.01	0.01	0.98	0.01	0.01	0.864997	0.0948451	0.0401581	0.9	0.01	0.09	0.82	0.02	0.16
15664.4287		0.7	0	0.08	0	0.22	0.93	0	0.01	0.01	0.03	0.01	0.01	0.98	0.01	0.01	0.862989	0.0921452	0.0448657	0.92	0.01	0.07	0.75	0.03	0.22
7552.661813		0.6	0	0.1	0	0.3	0.92	0	0.01	0.01	0.04	0.01	0.01	0.98	0.01	0.01	0.8641	0.0911575	0.0447428	0.93	0.01	0.06	0.75	0.03	0.22
3432.558747		0.5	0	0.12	0	0.38	0.93	0	0.01	0.01	0.03	0.01	0.01	0.98	0.01	0.01	0.876128	0.082857	0.0410149	0.93	0.01	0.06	0.75	0.03	0.22
1973.296971		0.45	0	0.13	0	0.42	0.94	0	0.01	0.01	0.02	0.01	0.01	0.98	0.01	0.01	0.897704	0.0682142	0.0340822	0.93	0.01	0.06	0.75	0.03	0.22
1686.370673		0.4	0	0.14	0	0.46	0.97	0	0	0	0.02	0	0.01	0.99	0	0.01	0.925761	0.049455	0.0247837	0.93	0.01	0.06	0.75	0.03	0.22
1507.981325		0.35	0	0.15	0	0.5	0.97	0	0	0	0.02	0	0.01	0.99	0	0.01	0.949229	0.0339657	0.0168056	0.94	0	0.06	0.8	0.02	0.18
1459.588516		0.3	0	0.16	0	0.54	0.97	0	0	0	0.02	0	0.01	1	0	0	0.965673	0.02321	0.0111173	0.95	0	0.05	0.85	0.02	0.13
1141.180595		0.3	0	0.14	0	0.56	0.99	0	0	0	0.01	0	0	1	0	0	0.977233	0.0156256	0.00714119	0.96	0	0.04	0.89	0.02	0.09
1066.728754		0.3	0	0.12	0	0.58	0.99	0	0	0	0.01	0	0	1	0	0	0.981446	0.0130012	0.00555231	0.97	0	0.03	0.93	0.01	0.06
660.0847928		0.3	0	0.1	0	0.6	0.99	0	0	0	0.01	0	0	1	0	0	0.987609	0.00882527	0.00356587	0.98	0	0.02	0.96	0	0.04
184.2189718		0.3	0	0.08	0	0.62	0.99	0	0	0	0.01	0	0	1	0	0	0.992335	0.00554171	0.00212314	0.99	0	0.01	0.99	0	0.01
18.85534784		0.3	0	0.06	0	0.64	0.99	0	0	0	0.01	0	0	1	0	0	0.995029	0.00364247	0.00132897	1	0	0	1	0	0
0.650730077		0.3	0	0.04	0	0.66	0.99	0	0	0	0.01	0	0	1	0	0	0.996361	0.00271309	0.000925788	1	0	0	1	0	0
MH,2,S																									
1362.846533		1	0	0	0	0	1	0	0	0	0	0	0	1	0	0	0.948714	0.0416452	0.00964124	1	0	0	1	0	0
24089.62847		0.9	0	0.03	0	0.07	0.97	0	0.01	0.01	0.01	0	0	0.98	0.01	0.01	0.899748	0.0781032	0.0221493	0.86	0.02	0.12	0.9	0.01	0.09
37601.22908		0.8	0	0.06	0	0.14	0.94	0	0.01	0.01	0.02	0.01	0.01	0.98	0.01	0.01	0.907884	0.0622876	0.0298287	0.9	0.01	0.09	0.82	0.02	0.16
24943.63972		0.7	0	0.08	0	0.22	0.93	0	0.01	0.01	0.03	0.01	0.01	0.98	0.01	0.01	0.904717	0.0614878	0.0337949	0.92	0.01	0.07	0.75	0.03	0.22
12026.66748		0.6	0	0.1	0	0.3	0.92	0	0.01	0.01	0.04	0.01	0.01	0.98	0.01	0.01	0.905234	0.0609653	0.0338006	0.93	0.01	0.06	0.75	0.03	0.22
5465.919653		0.5	0	0.12	0	0.38	0.93	0	0.01	0.01	0.03	0.01	0.01	0.98	0.01	0.01	0.914466	0.0547047	0.0308291	0.93	0.01	0.06	0.75	0.03	0.22
3142.228143		0.45	0	0.13	0	0.42	0.94	0	0.01	0.01	0.02	0.01	0.01	0.98	0.01	0.01	0.930871	0.0438473	0.0252822	0.93	0.01	0.06	0.75	0.03	0.22
2685.333969		0.4	0	0.14	0	0.46	0.97	0	0	0	0.02	0	0.01	0.99	0	0.01	0.951359	0.0306439	0.0179967	0.93	0.01	0.06	0.75	0.03	0.22
2401.271287		0.35	0	0.15	0	0.5	0.97	0	0	0	0.02	0	0.01	0.99	0	0.01	0.967899	0.0202434	0.0118577	0.94	0	0.06	0.8	0.02	0.18
2324.211803		0.3	0	0.16	0	0.54	0.97	0	0	0	0.02	0	0.01	1	0	0	0.979053	0.0133722	0.00757455	0.95	0	0.05	0.85	0.02	0.13
1817.187091		0.3	0	0.14	0	0.56	0.99	0	0	0	0.01	0	0	1	0	0	0.986566	0.0087616	0.0046725	0.96	0	0.04	0.89	0.02	0.09
1698.631864		0.3	0	0.12	0	0.58	0.99	0	0	0	0.01	0	0	1	0	0	0.989833	0.00682389	0.0033432	0.97	0	0.03	0.93	0.01	0.06
1051.102314		0.3	0	0.1	0	0.6	0.99	0	0	0	0.01	0	0	1	0	0	0.99367	0.00435607	0.00197417	0.98	0	0.02	0.96	0	0.04
293.3456273		0.3	0	0.08	0	0.62	0.99	0	0	0	0.01	0	0	1	0	0	0.99646	0.00249674	0.00104279	0.99	0	0.01	0.99	0	0.01
30.02477858		0.3	0	0.06	0	0.64	0.99	0	0	0	0.01	0	0	1	0	0	0.997972	0.00146541	0.000562766	1	0	0	1	0	0
1.036206101		0.3	0	0.04	0	0.66	0.99	0	0	0	0.01	0	0	1	0	0	0.998688	0.00097938	0.000332416	1	0	0	1	0	0
MH,1,L																									
0		1	0	0	0	0	1	0	0	0	0	0	0	1	0	0	0.993525	0.00506858	0.00140643	1	0	0	1	0	0
389.4183044		0.9	0	0.03	0	0.07	0.97	0	0.01	0.01	0.01	0	0	0.98	0.01	0.01	0.672255	0.257131	0.0706145	0.86	0.02	0.12	0.9	0.01	0.09
1172.618228		0.8	0	0.06	0	0.14	0.94	0	0.01	0.01	0.02	0.01	0.01	0.98	0.01	0.01	0.742973	0.175825	0.0812026	0.9	0.01	0.09	0.82	0.02	0.16
2167.124252		0.7	0	0.08	0	0.22	0.93	0	0.01	0.01	0.03	0.01	0.01	0.98	0.01	0.01	0.773748	0.150652	0.0756001	0.92	0.01	0.07	0.75	0.03	0.22
3237.342037		0.6	0	0.1	0	0.3	0.92	0	0.01	0.01	0.04	0.01	0.01	0.98	0.01	0.01	0.806392	0.128327	0.0652806	0.93	0.01	0.06	0.75	0.03	0.22
4177.817485		0.5	0	0.12	0	0.38	0.93	0	0.01	0.01	0.03	0.01	0.01	0.98	0.01	0.01	0.845107	0.101939	0.0529535	0.93	0.01	0.06	0.75	0.03	0.22
4796.307377		0.45	0	0.13	0	0.42	0.94	0	0.01	0.01	0.02	0.01	0.01	0.98	0.01	0.01	0.888407	0.072733	0.0388595	0.93	0.01	0.06	0.75	0.03	0.22
5772.667991		0.4	0	0.14	0	0.46	0.97	0	0	0	0.02	0	0.01	0.99	0	0.01	0.930836	0.0445055	0.0246586	0.93	0.01	0.06	0.75	0.03	0.22
5853.368298		0.35	0	0.15	0	0.5	0.97	0	0	0	0.02	0	0.01	0.99	0	0.01	0.959502	0.0257219	0.0147763	0.94	0	0.06	0.8	0.02	0.18
6436.432744		0.3	0	0.16	0	0.54	0.97	0	0	0	0.02	0	0.01	1	0	0	0.976614	0.0147158	0.00867025	0.95	0	0.05	0.85	0.02	0.13
6281.583429		0.3	0	0.14	0	0.56	0.99	0	0	0	0.01	0	0	1	0	0	0.987382	0.00787719	0.00474095	0.96	0	0.04	0.89	0.02	0.09
6060.832972		0.3	0	0.12	0	0.58	0.99	0	0	0	0.01	0	0	1	0	0	0.990484	0.00600736	0.00350873	0.97	0	0.03	0.93	0.01	0.06
4279.865286		0.3	0	0.1	0	0.6	0.99	0	0	0	0.01	0	0	1	0	0	0.994983	0.00316467	0.00185233	0.98	0	0.02	0.96	0	0.04
1170.330668		0.3	0	0.08	0	0.62	0.99	0	0	0	0.01	0	0	1	0	0	0.997809	0.00137341	0.000817568	0.99	0	0.01	0.99	0	0.01
124.8907061		0.3	0	0.06	0	0.64	0.99	0	0	0	0.01	0	0	1	0	0	0.999017	0.000610937	0.000372381	1	0	0	1	0	0
5.175153872		0.3	0	0.04	0	0.66	0.99	0	0	0	0.01	0	0	1	0	0	0.999369	0.000395226	0.000235896	1	0	0	1	0	0
MH,2,L																									
0		1	0	0	0	0	1	0	0	0	0	0	0	1	0	0	0.993525	0.00506858	0.00140643	1	0	0	1	0	0
1267.680863		0.9	0	0.03	0	0.07	0.97	0	0.01	0.01	0.01	0	0	0.98	0.01	0.01	0.70478	0.231631	0.0635888	0.86	0.02	0.12	0.9	0.01	0.09
3817.246573		0.8	0	0.06	0	0.14	0.94	0	0.01	0.01	0.02	0.01	0.01	0.98	0.01	0.01	0.773973	0.154545	0.0714822	0.9	0.01	0.09	0.82	0.02	0.16
7054.681074		0.7	0	0.08	0	0.22	0.93	0	0.01	0.01	0.03	0.01	0.01	0.98	0.01	0.01	0.807207	0.128071	0.0647217	0.92	0.01	0.07	0.75	0.03	0.22
10538.58152		0.6	0	0.1	0	0.3	0.92	0	0.01	0.01	0.04	0.01	0.01	0.98	0.01	0.01	0.840287	0.10544	0.0542721	0.93	0.01	0.06	0.75	0.03	0.22
13600.12926		0.5	0	0.12	0	0.38	0.93	0	0.01	0.01	0.03	0.01	0.01	0.98	0.01	0.01	0.87637	0.0808419	0.0427884	0.93	0.01	0.06	0.75	0.03	0.22
15613.51125		0.45	0	0.13	0	0.42	0.94	0	0.01	0.01	0.02	0.01	0.01	0.98	0.01	0.01	0.913547	0.0558024	0.0306508	0.93	0.01	0.06	0.75	0.03	0.22
18791.87665		0.4	0	0.14	0	0.46	0.97	0	0	0	0.02	0	0.01	0.99	0	0.01	0.947444	0.0333637	0.0191927	0.93	0.01	0.06	0.75	0.03	0.22
19054.5819		0.35	0	0.15	0	0.5	0.97	0	0	0	0.02	0	0.01	0.99	0	0.01	0.969517	0.0190308	0.011452	0.94	0	0.06	0.8	0.02	0.18
20952.64276		0.3	0	0.16	0	0.54	0.97	0	0	0	0.02	0	0.01	1	0	0	0.982338	0.0109053	0.00675646	0.95	0	0.05	0.85	0.02	0.13
20448.55882		0.3	0	0.14	0	0.56	0.99	0	0	0	0.01	0	0	1	0	0	0.990428	0.00585742	0.0037148	0.96	0	0.04	0.89	0.02	0.09
19729.94563		0.3	0	0.12	0	0.58	0.99	0	0	0	0.01	0	0	1	0	0	0.992972	0.00435513	0.00267314	0.97	0	0.03	0.93	0.01	0.06
13932.32742		0.3	0	0.1	0	0.6	0.99	0	0	0	0.01	0	0	1	0	0	0.996303	0.00229232	0.00140511	0.98	0	0.02	0.96	0	0.04
3809.799834		0.3	0	0.08	0	0.62	0.99	0	0	0	0.01	0	0	1	0	0	0.998371	0.00100564	0.00062337	0.99	0	0.01	0.99	0	0.01
406.5591071		0.3	0	0.06	0	0.64	0.99	0	0	0	0.01	0	0	1	0	0	0.999258	0.000455665	0.000285969	1	0	0	1	0	0
16.8467775		0.3	0	0.04	0	0.66	0.99	0	0	0	0.01	0	0	1	0	0	0.999532	0.000291893	0.000176542	1	0	0	1	0	0
MH,11,S																									
122.3845241		1	0	0	0	0	1	0	0	0	0	0	0	1	0	0	0.863746	0.111574	0.0246799	1	0	0	1	0	0
6489.793919		0.9	0	0.03	0	0.07	0.97	0	0.01	0.01	0.01	0	0	0.98	0.01	0.01	0.784964	0.173241	0.0417951	0.86	0.02	0.12	0.9	0.01	0.09
19415.53827		0.8	0	0.06	0	0.14	0.94	0	0.01	0.01	0.02	0.01	0.01	0.98	0.01	0.01	0.831118	0.12013	0.0487518	0.9	0.01	0.09	0.82	0.02	0.16
17359.65449		0.7	0	0.08	0	0.22	0.93	0	0.01	0.01	0.03	0.01	0.01	0.98	0.01	0.01	0.83599	0.113084	0.0509261	0.92	0.01	0.07	0.75	0.03	0.22
9180.023196		0.6	0	0.1	0	0.3	0.92	0	0.01	0.01	0.04	0.01	0.01	0.98	0.01	0.01	0.839722	0.110161	0.0501166	0.93	0.01	0.06	0.75	0.03	0.22
3558.613316		0.5	0	0.12	0	0.38	0.93	0	0.01	0.01	0.03	0.01	0.01	0.98	0.01	0.01	0.851306	0.102257	0.0464369	0.93	0.01	0.06	0.75	0.03	0.22
1481.414417		0.45	0	0.13	0	0.42	0.94	0	0.01	0.01	0.02	0.01	0.01	0.98	0.01	0.01	0.871899	0.08837	0.0397308	0.93	0.01	0.06	0.75	0.03	0.22
904.2929038		0.4	0	0.14	0	0.46	0.97	0	0	0	0.02	0	0.01	0.99	0	0.01	0.90076	0.0688662	0.0303735	0.93	0.01	0.06	0.75	0.03	0.22
592.9983311		0.35	0	0.15	0	0.5	0.97	0	0	0	0.02	0	0.01	0.99	0	0.01	0.926864	0.0511951	0.021941	0.94	0	0.06	0.8	0.02	0.18
365.2525869		0.3	0	0.16	0	0.54	0.97	0	0	0	0.02	0	0.01	1	0	0	0.946517	0.0378221	0.0156611	0.95	0	0.05	0.85	0.02	0.13
163.1846079		0.3	0	0.14	0	0.56	0.99	0	0	0	0.01	0	0	1	0	0	0.961641	0.0273942	0.0109652	0.96	0	0.04	0.89	0.02	0.09
114.4037024		0.3	0	0.12	0	0.58	0.99	0	0	0	0.01	0	0	1	0	0	0.967397	0.0235433	0.0090596	0.97	0	0.03	0.93	0.01	0.06
47.19484303		0.3	0	0.1	0	0.6	0.99	0	0	0	0.01	0	0	1	0	0	0.976015	0.0174547	0.00652982	0.98	0	0.02	0.96	0	0.04
10.53705288		0.3	0	0.08	0	0.62	0.99	0	0	0	0.01	0	0	1	0	0	0.984433	0.0114098	0.00415748	0.99	0	0.01	0.99	0	0.01
0.808873519		0.3	0	0.06	0	0.64	0.99	0	0	0	0.01	0	0	1	0	0	0.989584	0.00768801	0.00272785	1	0	0	1	0	0
0.018610399		0.3	0	0.04	0	0.66	0.99	0	0	0	0.01	0	0	1	0	0	0.99254	0.00556679	0.00189329	1	0	0	1	0	0
MH,12,S																									
389.7640359		1	0	0	0	0	1	0	0	0	0	0	0	1	0	0	0.888807	0.0909777	0.0202154	1	0	0	1	0	0
20668.3671		0.9	0	0.03	0	0.07	0.97	0	0.01	0.01	0.01	0	0	0.98	0.01	0.01	0.831468	0.13505	0.0334824	0.86	0.02	0.12	0.9	0.01	0.09
61833.62326		0.8	0	0.06	0	0.14	0.94	0	0.01	0.01	0.02	0.01	0.01	0.98	0.01	0.01	0.869792	0.0912795	0.0389283	0.9	0.01	0.09	0.82	0.02	0.16
55286.14869		0.7	0	0.08	0	0.22	0.93	0	0.01	0.01	0.03	0.01	0.01	0.98	0.01	0.01	0.873953	0.0853204	0.0407263	0.92	0.01	0.07	0.75	0.03	0.22
29236.07309		0.6	0	0.1	0	0.3	0.92	0	0.01	0.01	0.04	0.01	0.01	0.98	0.01	0.01	0.876978	0.0829224	0.0401001	0.93	0.01	0.06	0.75	0.03	0.22
11333.29152		0.5	0	0.12	0	0.38	0.93	0	0.01	0.01	0.03	0.01	0.01	0.98	0.01	0.01	0.886209	0.0767232	0.0370681	0.93	0.01	0.06	0.75	0.03	0.22
4717.933631		0.45	0	0.13	0	0.42	0.94	0	0.01	0.01	0.02	0.01	0.01	0.98	0.01	0.01	0.902479	0.0659838	0.0315371	0.93	0.01	0.06	0.75	0.03	0.22
2879.946256		0.4	0	0.14	0	0.46	0.97	0	0	0	0.02	0	0.01	0.99	0	0.01	0.924885	0.0511921	0.0239232	0.93	0.01	0.06	0.75	0.03	0.22
1888.551061		0.35	0	0.15	0	0.5	0.97	0	0	0	0.02	0	0.01	0.99	0	0.01	0.94482	0.0380311	0.0171492	0.94	0	0.06	0.8	0.02	0.18
1163.237946		0.3	0	0.16	0	0.54	0.97	0	0	0	0.02	0	0.01	1	0	0	0.959638	0.028197	0.0121652	0.95	0	0.05	0.85	0.02	0.13
519.7020773		0.3	0	0.14	0	0.56	0.99	0	0	0	0.01	0	0	1	0	0	0.970999	0.0205263	0.00847459	0.96	0	0.04	0.89	0.02	0.09
364.347119		0.3	0	0.12	0	0.58	0.99	0	0	0	0.01	0	0	1	0	0	0.975634	0.0174936	0.0068727	0.97	0	0.03	0.93	0.01	0.06
150.3037466		0.3	0	0.1	0	0.6	0.99	0	0	0	0.01	0	0	1	0	0	0.982288	0.0128436	0.00486818	0.98	0	0.02	0.96	0	0.04
33.55787253		0.3	0	0.08	0	0.62	0.99	0	0	0	0.01	0	0	1	0	0	0.988743	0.00823927	0.00301817	0.99	0	0.01	0.99	0	0.01
2.576059429		0.3	0	0.06	0	0.64	0.99	0	0	0	0.01	0	0	1	0	0	0.992683	0.00540518	0.00191215	1	0	0	1	0	0
0.059269457		0.3	0	0.04	0	0.66	0.99	0	0	0	0.01	0	0	1	0	0	0.994927	0.00379878	0.00127458	1	0	0	1	0	0
MH,22,S																									
310.3251919		1	0	0	0	0	1	0	0	0	0	0	0	1	0	0	0.915152	0.0692955	0.0155525	1	0	0	1	0	0
16455.89227		0.9	0	0.03	0	0.07	0.97	0	0.01	0.01	0.01	0	0	0.98	0.01	0.01	0.883057	0.0925602	0.024383	0.86	0.02	0.12	0.9	0.01	0.09
49231.14818		0.8	0	0.06	0	0.14	0.94	0	0.01	0.01	0.02	0.01	0.01	0.98	0.01	0.01	0.912037	0.0596176	0.0283456	0.9	0.01	0.09	0.82	0.02	0.16
44018.1318		0.7	0	0.08	0	0.22	0.93	0	0.01	0.01	0.03	0.01	0.01	0.98	0.01	0.01	0.915403	0.0548452	0.0297521	0.92	0.01	0.07	0.75	0.03	0.22
23277.39134		0.6	0	0.1	0	0.3	0.92	0	0.01	0.01	0.04	0.01	0.01	0.98	0.01	0.01	0.917607	0.0530645	0.0293281	0.93	0.01	0.06	0.75	0.03	0.22
9023.423254		0.5	0	0.12	0	0.38	0.93	0	0.01	0.01	0.03	0.01	0.01	0.98	0.01	0.01	0.924055	0.0489084	0.0270363	0.93	0.01	0.06	0.75	0.03	0.22
3756.35904		0.45	0	0.13	0	0.42	0.94	0	0.01	0.01	0.02	0.01	0.01	0.98	0.01	0.01	0.935277	0.0418813	0.0228415	0.93	0.01	0.06	0.75	0.03	0.22
2292.976756		0.4	0	0.14	0	0.46	0.97	0	0	0	0.02	0	0.01	0.99	0	0.01	0.950361	0.032474	0.0171651	0.93	0.01	0.06	0.75	0.03	0.22
1503.640451		0.35	0	0.15	0	0.5	0.97	0	0	0	0.02	0	0.01	0.99	0	0.01	0.963509	0.0243022	0.0121888	0.94	0	0.06	0.8	0.02	0.18
926.1553289		0.3	0	0.16	0	0.54	0.97	0	0	0	0.02	0	0.01	1	0	0	0.973154	0.0182692	0.00857709	0.95	0	0.05	0.85	0.02	0.13
413.7802158		0.3	0	0.14	0	0.56	0.99	0	0	0	0.01	0	0	1	0	0	0.980574	0.0134943	0.00593217	0.96	0	0.04	0.89	0.02	0.09
290.0885644		0.3	0	0.12	0	0.58	0.99	0	0	0	0.01	0	0	1	0	0	0.984026	0.0113261	0.00464813	0.97	0	0.03	0.93	0.01	0.06
119.6699406		0.3	0	0.1	0	0.6	0.99	0	0	0	0.01	0	0	1	0	0	0.988703	0.00812666	0.00317067	0.98	0	0.02	0.96	0	0.04
26.71835335		0.3	0	0.08	0	0.62	0.99	0	0	0	0.01	0	0	1	0	0	0.993153	0.00499469	0.00185226	0.99	0	0.01	0.99	0	0.01
2.051025911		0.3	0	0.06	0	0.64	0.99	0	0	0	0.01	0	0	1	0	0	0.995866	0.00306047	0.00107311	1	0	0	1	0	0
0.047189592		0.3	0	0.04	0	0.66	0.99	0	0	0	0.01	0	0	1	0	0	0.99737	0.00199109	0.000639254	1	0	0	1	0	0
MH,11,L																									
0		1	0	0	0	0	1	0	0	0	0	0	0	1	0	0	0.903666	0.0755815	0.0207527	1	0	0	1	0	0
334.1122707		0.9	0	0.03	0	0.07	0.97	0	0.01	0.01	0.01	0	0	0.98	0.01	0.01	0.633725	0.289726	0.0765486	0.86	0.02	0.12	0.9	0.01	0.09
1928.320843		0.8	0	0.06	0	0.14	0.94	0	0.01	0.01	0.02	0.01	0.01	0.98	0.01	0.01	0.720481	0.192552	0.0869667	0.9	0.01	0.09	0.82	0.02	0.16
4803.306772		0.7	0	0.08	0	0.22	0.93	0	0.01	0.01	0.03	0.01	0.01	0.98	0.01	0.01	0.749951	0.169669	0.0803798	0.92	0.01	0.07	0.75	0.03	0.22
7869.775113		0.6	0	0.1	0	0.3	0.92	0	0.01	0.01	0.04	0.01	0.01	0.98	0.01	0.01	0.781257	0.148332	0.0704112	0.93	0.01	0.06	0.75	0.03	0.22
8662.480692		0.5	0	0.12	0	0.38	0.93	0	0.01	0.01	0.03	0.01	0.01	0.98	0.01	0.01	0.817614	0.12372	0.0586661	0.93	0.01	0.06	0.75	0.03	0.22
7201.46942		0.45	0	0.13	0	0.42	0.94	0	0.01	0.01	0.02	0.01	0.01	0.98	0.01	0.01	0.859374	0.0955906	0.0450351	0.93	0.01	0.06	0.75	0.03	0.22
6191.026426		0.4	0	0.14	0	0.46	0.97	0	0	0	0.02	0	0.01	0.99	0	0.01	0.903129	0.0661259	0.0307447	0.93	0.01	0.06	0.75	0.03	0.22
4603.555197		0.35	0	0.15	0	0.5	0.97	0	0	0	0.02	0	0.01	0.99	0	0.01	0.935282	0.0444642	0.020254	0.94	0	0.06	0.8	0.02	0.18
3221.351339		0.3	0	0.16	0	0.54	0.97	0	0	0	0.02	0	0.01	1	0	0	0.956473	0.0301491	0.0133776	0.95	0	0.05	0.85	0.02	0.13
1796.486434		0.3	0	0.14	0	0.56	0.99	0	0	0	0.01	0	0	1	0	0	0.971428	0.0199676	0.00860472	0.96	0	0.04	0.89	0.02	0.09
1300.015076		0.3	0	0.12	0	0.58	0.99	0	0	0	0.01	0	0	1	0	0	0.976255	0.0167361	0.00700906	0.97	0	0.03	0.93	0.01	0.06
612.0049199		0.3	0	0.1	0	0.6	0.99	0	0	0	0.01	0	0	1	0	0	0.983761	0.0115244	0.00471483	0.98	0	0.02	0.96	0	0.04
133.8823685		0.3	0	0.08	0	0.62	0.99	0	0	0	0.01	0	0	1	0	0	0.99039	0.00687142	0.00273814	0.99	0	0.01	0.99	0	0.01
10.71534567		0.3	0	0.06	0	0.64	0.99	0	0	0	0.01	0	0	1	0	0	0.993965	0.00434057	0.00169477	1	0	0	1	0	0
0.296011152		0.3	0	0.04	0	0.66	0.99	0	0	0	0.01	0	0	1	0	0	0.995449	0.00328534	0.00126591	1	0	0	1	0	0
MH,12,L																									
0		1	0	0	0	0	1	0	0	0	0	0	0	1	0	0	0.942297	0.0453243	0.0123788	1	0	0	1	0	0
532.0319218		0.9	0	0.03	0	0.07	0.97	0	0.01	0.01	0.01	0	0	0.98	0.01	0.01	0.66369	0.265207	0.0711038	0.86	0.02	0.12	0.9	0.01	0.09
3070.609295		0.8	0	0.06	0	0.14	0.94	0	0.01	0.01	0.02	0.01	0.01	0.98	0.01	0.01	0.747643	0.17242	0.0799371	0.9	0.01	0.09	0.82	0.02	0.16
7648.664109		0.7	0	0.08	0	0.22	0.93	0	0.01	0.01	0.03	0.01	0.01	0.98	0.01	0.01	0.779135	0.148186	0.0726798	0.92	0.01	0.07	0.75	0.03	0.22
12531.63067		0.6	0	0.1	0	0.3	0.92	0	0.01	0.01	0.04	0.01	0.01	0.98	0.01	0.01	0.811872	0.125765	0.0623631	0.93	0.01	0.06	0.75	0.03	0.22
13793.91496		0.5	0	0.12	0	0.38	0.93	0	0.01	0.01	0.03	0.01	0.01	0.98	0.01	0.01	0.848019	0.101284	0.0506969	0.93	0.01	0.06	0.75	0.03	0.22
11467.4376		0.45	0	0.13	0	0.42	0.94	0	0.01	0.01	0.02	0.01	0.01	0.98	0.01	0.01	0.887353	0.0749356	0.0377112	0.93	0.01	0.06	0.75	0.03	0.22
9858.433756		0.4	0	0.14	0	0.46	0.97	0	0	0	0.02	0	0.01	0.99	0	0.01	0.926102	0.0491684	0.0247296	0.93	0.01	0.06	0.75	0.03	0.22
7330.584757		0.35	0	0.15	0	0.5	0.97	0	0	0	0.02	0	0.01	0.99	0	0.01	0.952952	0.0314265	0.0156215	0.94	0	0.06	0.8	0.02	0.18
5129.598324		0.3	0	0.16	0	0.54	0.97	0	0	0	0.02	0	0.01	1	0	0	0.969558	0.0204996	0.00994223	0.95	0	0.05	0.85	0.02	0.13
2860.67952		0.3	0	0.14	0	0.56	0.99	0	0	0	0.01	0	0	1	0	0	0.980772	0.0130807	0.00614707	0.96	0	0.04	0.89	0.02	0.09
2070.111098		0.3	0	0.12	0	0.58	0.99	0	0	0	0.01	0	0	1	0	0	0.984513	0.0106507	0.00483651	0.97	0	0.03	0.93	0.01	0.06
974.5411415		0.3	0	0.1	0	0.6	0.99	0	0	0	0.01	0	0	1	0	0	0.989983	0.0069423	0.00307438	0.98	0	0.02	0.96	0	0.04
213.1908944		0.3	0	0.08	0	0.62	0.99	0	0	0	0.01	0	0	1	0	0	0.99466	0.0037334	0.00160642	0.99	0	0.01	0.99	0	0.01
17.06284518		0.3	0	0.06	0	0.64	0.99	0	0	0	0.01	0	0	1	0	0	0.997044	0.00208368	0.000872	1	0	0	1	0	0
0.471360664		0.3	0	0.04	0	0.66	0.99	0	0	0	0.01	0	0	1	0	0	0.997925	0.00147566	0.000599812	1	0	0	1	0	0
MH,21,L																									
0		1	0	0	0	0	1	0	0	0	0	0	0	1	0	0	0.903666	0.0755815	0.0207527	1	0	0	1	0	0
1087.642073		0.9	0	0.03	0	0.07	0.97	0	0.01	0.01	0.01	0	0	0.98	0.01	0.01	0.66271	0.267212	0.0700778	0.86	0.02	0.12	0.9	0.01	0.09
6277.299766		0.8	0	0.06	0	0.14	0.94	0	0.01	0.01	0.02	0.01	0.01	0.98	0.01	0.01	0.749211	0.173234	0.0775549	0.9	0.01	0.09	0.82	0.02	0.16
15636.29651		0.7	0	0.08	0	0.22	0.93	0	0.01	0.01	0.03	0.01	0.01	0.98	0.01	0.01	0.781363	0.148711	0.0699264	0.92	0.01	0.07	0.75	0.03	0.22
25618.62962		0.6	0	0.1	0	0.3	0.92	0	0.01	0.01	0.04	0.01	0.01	0.98	0.01	0.01	0.813063	0.127095	0.0598418	0.93	0.01	0.06	0.75	0.03	0.22
28199.13927		0.5	0	0.12	0	0.38	0.93	0	0.01	0.01	0.03	0.01	0.01	0.98	0.01	0.01	0.846982	0.104127	0.0488909	0.93	0.01	0.06	0.75	0.03	0.22
23443.0813		0.45	0	0.13	0	0.42	0.94	0	0.01	0.01	0.02	0.01	0.01	0.98	0.01	0.01	0.883187	0.0797319	0.0370812	0.93	0.01	0.06	0.75	0.03	0.22
20153.76688		0.4	0	0.14	0	0.46	0.97	0	0	0	0.02	0	0.01	0.99	0	0.01	0.919187	0.0554583	0.0253548	0.93	0.01	0.06	0.75	0.03	0.22
14986.04139		0.35	0	0.15	0	0.5	0.97	0	0	0	0.02	0	0.01	0.99	0	0.01	0.945144	0.0379284	0.0169281	0.94	0	0.06	0.8	0.02	0.18
10486.5267		0.3	0	0.16	0	0.54	0.97	0	0	0	0.02	0	0.01	1	0	0	0.962213	0.0263524	0.0114348	0.95	0	0.05	0.85	0.02	0.13
5848.136691		0.3	0	0.14	0	0.56	0.99	0	0	0	0.01	0	0	1	0	0	0.974562	0.0178992	0.0075393	0.96	0	0.04	0.89	0.02	0.09
4231.963972		0.3	0	0.12	0	0.58	0.99	0	0	0	0.01	0	0	1	0	0	0.978684	0.01513	0.00618596	0.97	0	0.03	0.93	0.01	0.06
1992.271335		0.3	0	0.1	0	0.6	0.99	0	0	0	0.01	0	0	1	0	0	0.985181	0.0105882	0.00423062	0.98	0	0.02	0.96	0	0.04
435.8298379		0.3	0	0.08	0	0.62	0.99	0	0	0	0.01	0	0	1	0	0	0.991007	0.00646932	0.00252417	0.99	0	0.01	0.99	0	0.01
34.88186994		0.3	0	0.06	0	0.64	0.99	0	0	0	0.01	0	0	1	0	0	0.994232	0.00416912	0.00159881	1	0	0	1	0	0
0.96361077		0.3	0	0.04	0	0.66	0.99	0	0	0	0.01	0	0	1	0	0	0.995606	0.00318585	0.00120831	1	0	0	1	0	0
MH,22,L																									
0		1	0	0	0	0	1	0	0	0	0	0	0	1	0	0	0.942297	0.0453243	0.0123788	1	0	0	1	0	0
1731.933703		0.9	0	0.03	0	0.07	0.97	0	0.01	0.01	0.01	0	0	0.98	0.01	0.01	0.695746	0.240183	0.064071	0.86	0.02	0.12	0.9	0.01	0.09
9995.813238		0.8	0	0.06	0	0.14	0.94	0	0.01	0.01	0.02	0.01	0.01	0.98	0.01	0.01	0.778868	0.151255	0.0698774	0.9	0.01	0.09	0.82	0.02	0.16
24898.84274		0.7	0	0.08	0	0.22	0.93	0	0.01	0.01	0.03	0.01	0.01	0.98	0.01	0.01	0.813333	0.125173	0.0614939	0.92	0.01	0.07	0.75	0.03	0.22
40794.45728		0.6	0	0.1	0	0.3	0.92	0	0.01	0.01	0.04	0.01	0.01	0.98	0.01	0.01	0.846476	0.102463	0.0510617	0.93	0.01	0.06	0.75	0.03	0.22
44903.59552		0.5	0	0.12	0	0.38	0.93	0	0.01	0.01	0.03	0.01	0.01	0.98	0.01	0.01	0.879806	0.079904	0.0402901	0.93	0.01	0.06	0.75	0.03	0.22
37330.16921		0.45	0	0.13	0	0.42	0.94	0	0.01	0.01	0.02	0.01	0.01	0.98	0.01	0.01	0.912871	0.0578175	0.0293115	0.93	0.01	0.06	0.75	0.03	0.22
32092.34818		0.4	0	0.14	0	0.46	0.97	0	0	0	0.02	0	0.01	0.99	0	0.01	0.943064	0.0378336	0.0191021	0.93	0.01	0.06	0.75	0.03	0.22
23863.39293		0.35	0	0.15	0	0.5	0.97	0	0	0	0.02	0	0.01	0.99	0	0.01	0.963223	0.0245895	0.0121876	0.94	0	0.06	0.8	0.02	0.18
16698.47965		0.3	0	0.16	0	0.54	0.97	0	0	0	0.02	0	0.01	1	0	0	0.975469	0.016577	0.00795419	0.95	0	0.05	0.85	0.02	0.13
9312.424821		0.3	0	0.14	0	0.56	0.99	0	0	0	0.01	0	0	1	0	0	0.983972	0.0109637	0.0050643	0.96	0	0.04	0.89	0.02	0.09
6738.872297		0.3	0	0.12	0	0.58	0.99	0	0	0	0.01	0	0	1	0	0	0.986982	0.00901489	0.00400314	0.97	0	0.03	0.93	0.01	0.06
3172.442439		0.3	0	0.1	0	0.6	0.99	0	0	0	0.01	0	0	1	0	0	0.991424	0.00599107	0.00258536	0.98	0	0.02	0.96	0	0.04
694.0044008		0.3	0	0.08	0	0.62	0.99	0	0	0	0.01	0	0	1	0	0	0.995281	0.00332718	0.00139175	0.99	0	0.01	0.99	0	0.01
55.54500665		0.3	0	0.06	0	0.64	0.99	0	0	0	0.01	0	0	1	0	0	0.997312	0.00191133	0.000776641	1	0	0	1	0	0
1.534429397		0.3	0	0.04	0	0.66	0.99	0	0	0	0.01	0	0	1	0	0	0.998078	0.00137795	0.000543811	1	0	0	1	0	0
ML,0																									
14332.83005		1	0	0	0	0	1	0	0	0	0	0	0	1	0	0	0.997997	0.0014222	0.00058121	1	0	0	1	0	0
194671.7385		0.9	0	0.03	0	0.07	0.97	0	0.01	0.01	0.01	0	0	0.98	0.01	0.01	0.985016	0.011144	0.00383966	0.86	0.02	0.12	0.9	0.01	0.09
363923.7573		0.8	0	0.06	0	0.14	0.94	0	0.01	0.01	0.02	0.01	0.01	0.98	0.01	0.01	0.983856	0.0102774	0.00586633	0.9	0.01	0.09	0.82	0.02	0.16
282750.1511		0.7	0	0.08	0	0.22	0.93	0	0.01	0.01	0.03	0.01	0.01	0.98	0.01	0.01	0.981628	0.0113747	0.00699743	0.92	0.01	0.07	0.75	0.03	0.22
143544.0854		0.6	0	0.1	0	0.3	0.92	0	0.01	0.01	0.04	0.01	0.01	0.98	0.01	0.01	0.981308	0.0115688	0.0071232	0.93	0.01	0.06	0.75	0.03	0.22
64852.11755		0.5	0	0.12	0	0.38	0.93	0	0.01	0.01	0.03	0.01	0.01	0.98	0.01	0.01	0.983934	0.00981707	0.00624916	0.93	0.01	0.06	0.75	0.03	0.22
37122.83638		0.45	0	0.13	0	0.42	0.94	0	0.01	0.01	0.02	0.01	0.01	0.98	0.01	0.01	0.988484	0.00687482	0.00464103	0.93	0.01	0.06	0.75	0.03	0.22
32160.21875		0.4	0	0.14	0	0.46	0.97	0	0	0	0.02	0	0.01	0.99	0	0.01	0.99331	0.00386875	0.00282134	0.93	0.01	0.06	0.75	0.03	0.22
29847.21867		0.35	0	0.15	0	0.5	0.97	0	0	0	0.02	0	0.01	0.99	0	0.01	0.996525	0.00193607	0.00153938	0.94	0	0.06	0.8	0.02	0.18
32272.11434		0.3	0	0.16	0	0.54	0.97	0	0	0	0.02	0	0.01	1	0	0	0.998279	0.000923302	0.00079799	0.95	0	0.05	0.85	0.02	0.13
32196.63503		0.3	0	0.14	0	0.56	0.99	0	0	0	0.01	0	0	1	0	0	0.999209	0.00040991	0.000380789	0.96	0	0.04	0.89	0.02	0.09
35653.42614		0.3	0	0.12	0	0.58	0.99	0	0	0	0.01	0	0	1	0	0	0.999552	0.000226061	0.000221855	0.97	0	0.03	0.93	0.01	0.06
29225.73171		0.3	0	0.1	0	0.6	0.99	0	0	0	0.01	0	0	1	0	0	0.999815	9.15E-05	9.33E-05	0.98	0	0.02	0.96	0	0.04
9687.185923		0.3	0	0.08	0	0.62	0.99	0	0	0	0.01	0	0	1	0	0	0.999937	3.05E-05	3.22E-05	0.99	0	0.01	0.99	0	0.01
1255.310024		0.3	0	0.06	0	0.64	0.99	0	0	0	0.01	0	0	1	0	0	0.99998	9.76E-06	1.06E-05	1	0	0	1	0	0
61.67805187		0.3	0	0.04	0	0.66	0.99	0	0	0	0.01	0	0	1	0	0	0.999994	3.09E-06	3.37E-06	1	0	0	1	0	0
ML,1,S																									
743.3618494		1	0	0	0	0	1	0	0	0	0	0	0	1	0	0	0.953481	0.0384345	0.00808435	1	0	0	1	0	0
30289.52615		0.9	0	0.03	0	0.07	0.97	0	0.01	0.01	0.01	0	0	0.98	0.01	0.01	0.91198	0.0721754	0.0158446	0.86	0.02	0.12	0.9	0.01	0.09
108529.192		0.8	0	0.06	0	0.14	0.94	0	0.01	0.01	0.02	0.01	0.01	0.98	0.01	0.01	0.931121	0.0508685	0.0180102	0.9	0.01	0.09	0.82	0.02	0.16
113650.8964		0.7	0	0.08	0	0.22	0.93	0	0.01	0.01	0.03	0.01	0.01	0.98	0.01	0.01	0.932503	0.0485406	0.0189563	0.92	0.01	0.07	0.75	0.03	0.22
63280.88518		0.6	0	0.1	0	0.3	0.92	0	0.01	0.01	0.04	0.01	0.01	0.98	0.01	0.01	0.934007	0.0472925	0.0187008	0.93	0.01	0.06	0.75	0.03	0.22
24385.43376		0.5	0	0.12	0	0.38	0.93	0	0.01	0.01	0.03	0.01	0.01	0.98	0.01	0.01	0.939835	0.0431236	0.0170418	0.93	0.01	0.06	0.75	0.03	0.22
10108.08236		0.45	0	0.13	0	0.42	0.94	0	0.01	0.01	0.02	0.01	0.01	0.98	0.01	0.01	0.950093	0.035871	0.0140361	0.93	0.01	0.06	0.75	0.03	0.22
6254.874195		0.4	0	0.14	0	0.46	0.97	0	0	0	0.02	0	0.01	0.99	0	0.01	0.963619	0.026272	0.0101094	0.93	0.01	0.06	0.75	0.03	0.22
4257.01204		0.35	0	0.15	0	0.5	0.97	0	0	0	0.02	0	0.01	0.99	0	0.01	0.974893	0.0182306	0.00687605	0.94	0	0.06	0.8	0.02	0.18
2929.097213		0.3	0	0.16	0	0.54	0.97	0	0	0	0.02	0	0.01	1	0	0	0.982718	0.0126176	0.00466446	0.95	0	0.05	0.85	0.02	0.13
1669.855156		0.3	0	0.14	0	0.56	0.99	0	0	0	0.01	0	0	1	0	0	0.988448	0.00847508	0.00307666	0.96	0	0.04	0.89	0.02	0.09
1386.854342		0.3	0	0.12	0	0.58	0.99	0	0	0	0.01	0	0	1	0	0	0.990077	0.00732557	0.00259731	0.97	0	0.03	0.93	0.01	0.06
757.8857036		0.3	0	0.1	0	0.6	0.99	0	0	0	0.01	0	0	1	0	0	0.993345	0.00493905	0.00171574	0.98	0	0.02	0.96	0	0.04
200.9675526		0.3	0	0.08	0	0.62	0.99	0	0	0	0.01	0	0	1	0	0	0.996162	0.00286909	0.000968589	0.99	0	0.01	0.99	0	0.01
19.53172355		0.3	0	0.06	0	0.64	0.99	0	0	0	0.01	0	0	1	0	0	0.997769	0.00168705	0.000544266	1	0	0	1	0	0
0.639777497		0.3	0	0.04	0	0.66	0.99	0	0	0	0.01	0	0	1	0	0	0.998635	0.00105832	0.000306194	1	0	0	1	0	0
ML,2,S																									
2409.860762		1	0	0	0	0	1	0	0	0	0	0	0	1	0	0	0.995841	0.00340077	0.000758575	1	0	0	1	0	0
98193.82126		0.9	0	0.03	0	0.07	0.97	0	0.01	0.01	0.01	0	0	0.98	0.01	0.01	0.989222	0.00827421	0.00250376	0.86	0.02	0.12	0.9	0.01	0.09
351834.361		0.8	0	0.06	0	0.14	0.94	0	0.01	0.01	0.02	0.01	0.01	0.98	0.01	0.01	0.990949	0.00561634	0.00343509	0.9	0.01	0.09	0.82	0.02	0.16
368438.1112		0.7	0	0.08	0	0.22	0.93	0	0.01	0.01	0.03	0.01	0.01	0.98	0.01	0.01	0.990692	0.00539552	0.00391254	0.92	0.01	0.07	0.75	0.03	0.22
205146.5545		0.6	0	0.1	0	0.3	0.92	0	0.01	0.01	0.04	0.01	0.01	0.98	0.01	0.01	0.990879	0.00517821	0.00394236	0.93	0.01	0.06	0.75	0.03	0.22
79053.69373		0.5	0	0.12	0	0.38	0.93	0	0.01	0.01	0.03	0.01	0.01	0.98	0.01	0.01	0.992012	0.00449039	0.00349786	0.93	0.01	0.06	0.75	0.03	0.22
32768.79366		0.45	0	0.13	0	0.42	0.94	0	0.01	0.01	0.02	0.01	0.01	0.98	0.01	0.01	0.993864	0.00344735	0.00268833	0.93	0.01	0.06	0.75	0.03	0.22
20277.30627		0.4	0	0.14	0	0.46	0.97	0	0	0	0.02	0	0.01	0.99	0	0.01	0.996004	0.0022646	0.00173133	0.93	0.01	0.06	0.75	0.03	0.22
13800.55526		0.35	0	0.15	0	0.5	0.97	0	0	0	0.02	0	0.01	0.99	0	0.01	0.997571	0.00140835	0.00102023	0.94	0	0.06	0.8	0.02	0.18
9495.666809		0.3	0	0.16	0	0.54	0.97	0	0	0	0.02	0	0.01	1	0	0	0.998497	0.000906334	0.000596462	0.95	0	0.05	0.85	0.02	0.13
5413.40455		0.3	0	0.14	0	0.56	0.99	0	0	0	0.01	0	0	1	0	0	0.999098	0.000566261	0.000335663	0.96	0	0.04	0.89	0.02	0.09
4495.96097		0.3	0	0.12	0	0.58	0.99	0	0	0	0.01	0	0	1	0	0	0.999271	0.000484287	0.000244967	0.97	0	0.03	0.93	0.01	0.06
2456.944785		0.3	0	0.1	0	0.6	0.99	0	0	0	0.01	0	0	1	0	0	0.999556	0.000304272	0.000139452	0.98	0	0.02	0.96	0	0.04
651.5048086		0.3	0	0.08	0	0.62	0.99	0	0	0	0.01	0	0	1	0	0	0.999787	0.000150062	6.26E-05	0.99	0	0.01	0.99	0	0.01
63.31873803		0.3	0	0.06	0	0.64	0.99	0	0	0	0.01	0	0	1	0	0	0.999904	6.94E-05	2.63E-05	1	0	0	1	0	0
2.074056785		0.3	0	0.04	0	0.66	0.99	0	0	0	0.01	0	0	1	0	0	0.999961	2.96E-05	9.44E-06	1	0	0	1	0	0
ML,1,L																									
0		1	0	0	0	0	1	0	0	0	0	0	0	1	0	0	1	0	0	1	0	0	1	0	0
2217.269941		0.9	0	0.03	0	0.07	0.97	0	0.01	0.01	0.01	0	0	0.98	0.01	0.01	0.715269	0.225051	0.0596805	0.86	0.02	0.12	0.9	0.01	0.09
10898.6918		0.8	0	0.06	0	0.14	0.94	0	0.01	0.01	0.02	0.01	0.01	0.98	0.01	0.01	0.79326	0.142626	0.0641137	0.9	0.01	0.09	0.82	0.02	0.16
25816.69991		0.7	0	0.08	0	0.22	0.93	0	0.01	0.01	0.03	0.01	0.01	0.98	0.01	0.01	0.829344	0.115264	0.0553926	0.92	0.01	0.07	0.75	0.03	0.22
41745.02274		0.6	0	0.1	0	0.3	0.92	0	0.01	0.01	0.04	0.01	0.01	0.98	0.01	0.01	0.86407	0.0915405	0.0443892	0.93	0.01	0.06	0.75	0.03	0.22
47034.88703		0.5	0	0.12	0	0.38	0.93	0	0.01	0.01	0.03	0.01	0.01	0.98	0.01	0.01	0.898934	0.0678206	0.0332457	0.93	0.01	0.06	0.75	0.03	0.22
41438.5701		0.45	0	0.13	0	0.42	0.94	0	0.01	0.01	0.02	0.01	0.01	0.98	0.01	0.01	0.932939	0.0448524	0.0222085	0.93	0.01	0.06	0.75	0.03	0.22
38536.94975		0.4	0	0.14	0	0.46	0.97	0	0	0	0.02	0	0.01	0.99	0	0.01	0.962363	0.0250917	0.0125458	0.93	0.01	0.06	0.75	0.03	0.22
31411.98266		0.35	0	0.15	0	0.5	0.97	0	0	0	0.02	0	0.01	0.99	0	0.01	0.980037	0.0132728	0.00669046	0.94	0	0.06	0.8	0.02	0.18
26113.88808		0.3	0	0.16	0	0.54	0.97	0	0	0	0.02	0	0.01	1	0	0	0.989098	0.00723893	0.00366336	0.95	0	0.05	0.85	0.02	0.13
19317.36593		0.3	0	0.14	0	0.56	0.99	0	0	0	0.01	0	0	1	0	0	0.994424	0.00369438	0.00188137	0.96	0	0.04	0.89	0.02	0.09
16654.67254		0.3	0	0.12	0	0.58	0.99	0	0	0	0.01	0	0	1	0	0	0.99536	0.0030836	0.00155676	0.97	0	0.03	0.93	0.01	0.06
10359.8328		0.3	0	0.1	0	0.6	0.99	0	0	0	0.01	0	0	1	0	0	0.997487	0.00166543	0.000847282	0.98	0	0.02	0.96	0	0.04
2679.670771		0.3	0	0.08	0	0.62	0.99	0	0	0	0.01	0	0	1	0	0	0.998981	0.000671223	0.000347648	0.99	0	0.01	0.99	0	0.01
269.6067754		0.3	0	0.06	0	0.64	0.99	0	0	0	0.01	0	0	1	0	0	0.999607	0.000256552	0.000136814	1	0	0	1	0	0
10.49424749		0.3	0	0.04	0	0.66	0.99	0	0	0	0.01	0	0	1	0	0	0.999772	0.000148074	7.95E-05	1	0	0	1	0	0
ML,2,L																									
0		1	0	0	0	0	1	0	0	0	0	0	0	1	0	0	1	0	0	1	0	0	1	0	0
23868.25878		0.9	0	0.03	0	0.07	0.97	0	0.01	0.01	0.01	0	0	0.98	0.01	0.01	0.99927	0.000462091	0.000267951	0.86	0.02	0.12	0.9	0.01	0.09
117321.2117		0.8	0	0.06	0	0.14	0.94	0	0.01	0.01	0.02	0.01	0.01	0.98	0.01	0.01	0.999646	0.000144181	0.000209756	0.9	0.01	0.09	0.82	0.02	0.16
277909.1814		0.7	0	0.08	0	0.22	0.93	0	0.01	0.01	0.03	0.01	0.01	0.98	0.01	0.01	0.999737	9.06E-05	0.000172897	0.92	0.01	0.07	0.75	0.03	0.22
449372.8919		0.6	0	0.1	0	0.3	0.92	0	0.01	0.01	0.04	0.01	0.01	0.98	0.01	0.01	0.999802	6.53E-05	0.000132775	0.93	0.01	0.06	0.75	0.03	0.22
506316.7251		0.5	0	0.12	0	0.38	0.93	0	0.01	0.01	0.03	0.01	0.01	0.98	0.01	0.01	0.999895	3.40E-05	7.10E-05	0.93	0.01	0.06	0.75	0.03	0.22
446074.0193		0.45	0	0.13	0	0.42	0.94	0	0.01	0.01	0.02	0.01	0.01	0.98	0.01	0.01	0.999953	1.51E-05	3.15E-05	0.93	0.01	0.06	0.75	0.03	0.22
414838.9297		0.4	0	0.14	0	0.46	0.97	0	0	0	0.02	0	0.01	0.99	0	0.01	0.99998	6.62E-06	1.35E-05	0.93	0.01	0.06	0.75	0.03	0.22
338140.7545		0.35	0	0.15	0	0.5	0.97	0	0	0	0.02	0	0.01	0.99	0	0.01	0.99999	3.51E-06	6.71E-06	0.94	0	0.06	0.8	0.02	0.18
281108.3246		0.3	0	0.16	0	0.54	0.97	0	0	0	0.02	0	0.01	1	0	0	0.999994	2.32E-06	4.02E-06	0.95	0	0.05	0.85	0.02	0.13
207945.7627		0.3	0	0.14	0	0.56	0.99	0	0	0	0.01	0	0	1	0	0	0.999996	1.60E-06	2.54E-06	0.96	0	0.04	0.89	0.02	0.09							
179282.6514		0.3	0	0.12	0	0.58	0.99	0	0	0	0.01	0	0	1	0	0	0.999996	1.64E-06	2.25E-06	0.97	0	0.03	0.93	0.01	0.06							
111520.5531		0.3	0	0.1	0	0.6	0.99	0	0	0	0.01	0	0	1	0	0	0.999997	1.17E-06	1.48E-06	0.98	0	0.02	0.96	0	0.04							
28845.86772		0.3	0	0.08	0	0.62	0.99	0	0	0	0.01	0	0	1	0	0	0.999999	6.60E-07	7.80E-07	0.99	0	0.01	0.99	0	0.01							
2902.237642		0.3	0	0.06	0	0.64	0.99	0	0	0	0.01	0	0	1	0	0	0.999999	3.36E-07	3.64E-07	1	0	0	1	0	0							
112.9674877		0.3	0	0.04	0	0.66	0.99	0	0	0	0.01	0	0	1	0	0	1	2.21E-07	1.87E-07	1	0	0	1	0	0							
FSW																																
0		1	0	0	0	0	1	0	0	0	0	0	0	1	0	0	0.474806	0.0556732	0.469521	1	0	0	1	0	0	1	0	0	0.45	0.2	0.05	0.3
267.3932916		0.9	0	0.03	0	0.07	0.97	0	0.01	0.01	0.01	0	0	0.98	0.01	0.01	0.52172	0.0574469	0.420833	0.86	0.02	0.12	0.9	0.01	0.09	0.85	0.12	0.03	0.45	0.2	0.05	0.3
390.80558		0.8	0	0.06	0	0.14	0.94	0	0.01	0.01	0.02	0.01	0.01	0.98	0.01	0.01	0.510489	0.0563383	0.433173	0.9	0.01	0.09	0.82	0.02	0.16	0.75	0.2	0.05	0.45	0.2	0.05	0.3
230.369605		0.7	0	0.08	0	0.22	0.93	0	0.01	0.01	0.03	0.01	0.01	0.98	0.01	0.01	0.501826	0.0560313	0.442143	0.92	0.01	0.07	0.75	0.03	0.22	0.7	0.24	0.06	0.45	0.2	0.05	0.3
91.44850572		0.6	0	0.1	0	0.3	0.92	0	0.01	0.01	0.04	0.01	0.01	0.98	0.01	0.01	0.494129	0.0559158	0.449955	0.93	0.01	0.06	0.75	0.03	0.22	0.75	0.2	0.05	0.45	0.2	0.05	0.3
30.48283524		0.5	0	0.12	0	0.38	0.93	0	0.01	0.01	0.03	0.01	0.01	0.98	0.01	0.01	0.488193	0.0558184	0.455989	0.93	0.01	0.06	0.75	0.03	0.22	0.85	0.12	0.03	0.45	0.2	0.05	0.3
5.594690408		0.45	0	0.13	0	0.42	0.94	0	0.01	0.01	0.02	0.01	0.01	0.98	0.01	0.01	0.480763	0.0557308	0.463506	0.93	0.01	0.06	0.75	0.03	0.22	0.95	0.04	0.01	0.45	0.2	0.05	0.3
0		0.4	0	0.14	0	0.46	0.97	0	0	0	0.02	0	0.01	0.99	0	0.01	0.474808	0.0556736	0.469519	0.93	0.01	0.06	0.75	0.03	0.22	0.98	0.02	0	0.45	0.2	0.05	0.3
0		0.35	0	0.15	0	0.5	0.97	0	0	0	0.02	0	0.01	0.99	0	0.01	0.474806	0.0556732	0.469521	0.94	0	0.06	0.8	0.02	0.18	1	0	0	0.45	0.2	0.05	0.3
0		0.3	0	0.16	0	0.54	0.97	0	0	0	0.02	0	0.01	1	0	0	0.474806	0.0556732	0.469521	0.95	0	0.05	0.85	0.02	0.13	1	0	0	0.45	0.2	0.05	0.3
0		0.3	0	0.14	0	0.56	0.99	0	0	0	0.01	0	0	1	0	0	0.474806	0.0556732	0.469521	0.96	0	0.04	0.89	0.02	0.09	1	0	0	0.45	0.2	0.05	0.3
0		0.3	0	0.12	0	0.58	0.99	0	0	0	0.01	0	0	1	0	0	0.474806	0.0556732	0.469521	0.97	0	0.03	0.93	0.01	0.06	1	0	0	0.45	0.2	0.05	0.3
0		0.3	0	0.1	0	0.6	0.99	0	0	0	0.01	0	0	1	0	0	0.474806	0.0556732	0.469521	0.98	0	0.02	0.96	0	0.04	1	0	0	0.45	0.2	0.05	0.3
0		0.3	0	0.08	0	0.62	0.99	0	0	0	0.01	0	0	1	0	0	0.474806	0.0556732	0.469521	0.99	0	0.01	0.99	0	0.01	1	0	0	0.45	0.2	0.05	0.3
0		0.3	0	0.06	0	0.64	0.99	0	0	0	0.01	0	0	1	0	0	0.474806	0.0556732	0.469521	1	0	0	1	0	0	1	0	0	0.45	0.2	0.05	0.3
0		0.3	0	0.04	0	0.66	0.99	0	0	0	0.01	0	0	1	0	0	0.474806	0.0556732	0.469521	1	0	0	1	0	0	1	0	0	0.45	0.2	0.05	0.3
FH,0																																
1198.583748		1	0	0	0	0	1	0	0	0	0	0	0	1	0	0	0.928005	0.0170302	0.0549649	1	0	0	1	0	0	1	0	0	0.45	0.2	0.05	0.3
6034.87012		0.9	0	0.03	0	0.07	0.97	0	0.01	0.01	0.01	0	0	0.98	0.01	0.01	0.846785	0.0386959	0.114519	0.86	0.02	0.12	0.9	0.01	0.09	0.85	0.12	0.03	0.45	0.2	0.05	0.3
6320.916644		0.8	0	0.06	0	0.14	0.94	0	0.01	0.01	0.02	0.01	0.01	0.98	0.01	0.01	0.770221	0.0482869	0.181492	0.9	0.01	0.09	0.82	0.02	0.16	0.75	0.2	0.05	0.45	0.2	0.05	0.3
3674.661314		0.7	0	0.08	0	0.22	0.93	0	0.01	0.01	0.03	0.01	0.01	0.98	0.01	0.01	0.771436	0.0426192	0.185945	0.92	0.01	0.07	0.75	0.03	0.22	0.7	0.24	0.06	0.45	0.2	0.05	0.3
3008.821261		0.6	0	0.1	0	0.3	0.92	0	0.01	0.01	0.04	0.01	0.01	0.98	0.01	0.01	0.79318	0.0381773	0.168643	0.93	0.01	0.06	0.75	0.03	0.22	0.75	0.2	0.05	0.45	0.2	0.05	0.3
3447.711242		0.5	0	0.12	0	0.38	0.93	0	0.01	0.01	0.03	0.01	0.01	0.98	0.01	0.01	0.839477	0.0288799	0.131643	0.93	0.01	0.06	0.75	0.03	0.22	0.85	0.12	0.03	0.45	0.2	0.05	0.3
5776.577375		0.45	0	0.13	0	0.42	0.94	0	0.01	0.01	0.02	0.01	0.01	0.98	0.01	0.01	0.896821	0.017676	0.0855025	0.93	0.01	0.06	0.75	0.03	0.22	0.95	0.04	0.01	0.45	0.2	0.05	0.3
8107.575038		0.4	0	0.14	0	0.46	0.97	0	0	0	0.02	0	0.01	0.99	0	0.01	0.945017	0.00879942	0.0461835	0.93	0.01	0.06	0.75	0.03	0.22	0.98	0.02	0	0.45	0.2	0.05	0.3
9235.314808		0.35	0	0.15	0	0.5	0.97	0	0	0	0.02	0	0.01	0.99	0	0.01	0.974669	0.00377824	0.0215531	0.94	0	0.06	0.8	0.02	0.18	1	0	0	0.45	0.2	0.05	0.3
11347.0762		0.3	0	0.16	0	0.54	0.97	0	0	0	0.02	0	0.01	1	0	0	0.989768	0.00143853	0.00879353	0.95	0	0.05	0.85	0.02	0.13	1	0	0	0.45	0.2	0.05	0.3
11510.98186		0.3	0	0.14	0	0.56	0.99	0	0	0	0.01	0	0	1	0	0	0.996164	0.000516445	0.00331967	0.96	0	0.04	0.89	0.02	0.09	1	0	0	0.45	0.2	0.05	0.3
13818.79747		0.3	0	0.12	0	0.58	0.99	0	0	0	0.01	0	0	1	0	0	0.998731	0.000166399	0.00110271	0.97	0	0.03	0.93	0.01	0.06	1	0	0	0.45	0.2	0.05	0.3
11518.11619		0.3	0	0.1	0	0.6	0.99	0	0	0	0.01	0	0	1	0	0	0.999628	4.78E-05	0.000324027	0.98	0	0.02	0.96	0	0.04	1	0	0	0.45	0.2	0.05	0.3
4234.088941		0.3	0	0.08	0	0.62	0.99	0	0	0	0.01	0	0	1	0	0	0.999907	1.16E-05	8.10E-05	0.99	0	0.01	0.99	0	0.01	1	0	0	0.45	0.2	0.05	0.3
672.3948484		0.3	0	0.06	0	0.64	0.99	0	0	0	0.01	0	0	1	0	0	0.999979	2.46E-06	1.86E-05	1	0	0	1	0	0	1	0	0	0.45	0.2	0.05	0.3
40.00414577		0.3	0	0.04	0	0.66	0.99	0	0	0	0.01	0	0	1	0	0	0.999995	5.35E-07	4.52E-06	1	0	0	1	0	0	1	0	0	0.45	0.2	0.05	0.3
FH,1,S																																
1579.894472		1	0	0	0	0	1	0	0	0	0	0	0	1	0	0	0.853222	0.0423869	0.104391	1	0	0	1	0	0	1	0	0	0.45	0.2	0.05	0.3
14953.01439		0.9	0	0.03	0	0.07	0.97	0	0.01	0.01	0.01	0	0	0.98	0.01	0.01	0.751669	0.0675149	0.180817	0.86	0.02	0.12	0.9	0.01	0.09	0.85	0.12	0.03	0.45	0.2	0.05	0.3
18578.59912		0.8	0	0.06	0	0.14	0.94	0	0.01	0.01	0.02	0.01	0.01	0.98	0.01	0.01	0.730791	0.0605089	0.2087	0.9	0.01	0.09	0.82	0.02	0.16	0.75	0.2	0.05	0.45	0.2	0.05	0.3
11324.18231		0.7	0	0.08	0	0.22	0.93	0	0.01	0.01	0.03	0.01	0.01	0.98	0.01	0.01	0.731299	0.0553283	0.213373	0.92	0.01	0.07	0.75	0.03	0.22	0.7	0.24	0.06	0.45	0.2	0.05	0.3
7355.830024		0.6	0	0.1	0	0.3	0.92	0	0.01	0.01	0.04	0.01	0.01	0.98	0.01	0.01	0.754013	0.0501677	0.195819	0.93	0.01	0.06	0.75	0.03	0.22	0.75	0.2	0.05	0.45	0.2	0.05	0.3
5501.672724		0.5	0	0.12	0	0.38	0.93	0	0.01	0.01	0.03	0.01	0.01	0.98	0.01	0.01	0.799724	0.0405288	0.159747	0.93	0.01	0.06	0.75	0.03	0.22	0.85	0.12	0.03	0.45	0.2	0.05	0.3
4573.007951		0.45	0	0.13	0	0.42	0.94	0	0.01	0.01	0.02	0.01	0.01	0.98	0.01	0.01	0.854911	0.0295485	0.115541	0.93	0.01	0.06	0.75	0.03	0.22	0.95	0.04	0.01	0.45	0.2	0.05	0.3
4274.749431		0.4	0	0.14	0	0.46	0.97	0	0	0	0.02	0	0.01	0.99	0	0.01	0.903015	0.0203586	0.0766261	0.93	0.01	0.06	0.75	0.03	0.22	0.98	0.02	0	0.45	0.2	0.05	0.3
3652.015849		0.35	0	0.15	0	0.5	0.97	0	0	0	0.02	0	0.01	0.99	0	0.01	0.93603	0.0140887	0.0498813	0.94	0	0.06	0.8	0.02	0.18	1	0	0	0.45	0.2	0.05	0.3
2991.394301		0.3	0	0.16	0	0.54	0.97	0	0	0	0.02	0	0.01	1	0	0	0.957382	0.00986872	0.032749	0.95	0	0.05	0.85	0.02	0.13	1	0	0	0.45	0.2	0.05	0.3
2124.222966		0.3	0	0.14	0	0.56	0.99	0	0	0	0.01	0	0	1	0	0	0.970466	0.0071155	0.0224185	0.96	0	0.04	0.89	0.02	0.09	1	0	0	0.45	0.2	0.05	0.3
1821.503234		0.3	0	0.12	0	0.58	0.99	0	0	0	0.01	0	0	1	0	0	0.979193	0.00517828	0.0156287	0.97	0	0.03	0.93	0.01	0.06	1	0	0	0.45	0.2	0.05	0.3
1214.594016		0.3	0	0.1	0	0.6	0.99	0	0	0	0.01	0	0	1	0	0	0.985849	0.00362364	0.0105274	0.98	0	0.02	0.96	0	0.04	1	0	0	0.45	0.2	0.05	0.3
334.8658977		0.3	0	0.08	0	0.62	0.99	0	0	0	0.01	0	0	1	0	0	0.991345	0.00230227	0.00635237	0.99	0	0.01	0.99	0	0.01	1	0	0	0.45	0.2	0.05	0.3
35.45227126		0.3	0	0.06	0	0.64	0.99	0	0	0	0.01	0	0	1	0	0	0.995564	0.00125704	0.00317936	1	0	0	1	0	0	1	0	0	0.45	0.2	0.05	0.3
1.054616815		0.3	0	0.04	0	0.66	0.99	0	0	0	0.01	0	0	1	0	0	0.99867	0.000429554	0.000900537	1	0	0	1	0	0	1	0	0	0.45	0.2	0.05	0.3
FH,2,S																																
1184.459155		1	0	0	0	0	1	0	0	0	0	0	0	1	0	0	0.906428	0.0258574	0.0677148	1	0	0	1	0	0	1	0	0	0.45	0.2	0.05	0.3
11210.39101		0.9	0	0.03	0	0.07	0.97	0	0.01	0.01	0.01	0	0	0.98	0.01	0.01	0.810035	0.0494492	0.140516	0.86	0.02	0.12	0.9	0.01	0.09	0.85	0.12	0.03	0.45	0.2	0.05	0.3
13928.52004		0.8	0	0.06	0	0.14	0.94	0	0.01	0.01	0.02	0.01	0.01	0.98	0.01	0.01	0.792394	0.0438025	0.163803	0.9	0.01	0.09	0.82	0.02	0.16	0.75	0.2	0.05	0.45	0.2	0.05	0.3
8489.827421		0.7	0	0.08	0	0.22	0.93	0	0.01	0.01	0.03	0.01	0.01	0.98	0.01	0.01	0.794623	0.0393029	0.166074	0.92	0.01	0.07	0.75	0.03	0.22	0.7	0.24	0.06	0.45	0.2	0.05	0.3
5514.722893		0.6	0	0.1	0	0.3	0.92	0	0.01	0.01	0.04	0.01	0.01	0.98	0.01	0.01	0.815561	0.0346186	0.14982	0.93	0.01	0.06	0.75	0.03	0.22	0.75	0.2	0.05	0.45	0.2	0.05	0.3
4124.646766		0.5	0	0.12	0	0.38	0.93	0	0.01	0.01	0.03	0.01	0.01	0.98	0.01	0.01	0.854971	0.0265797	0.118449	0.93	0.01	0.06	0.75	0.03	0.22	0.85	0.12	0.03	0.45	0.2	0.05	0.3
3428.419574		0.45	0	0.13	0	0.42	0.94	0	0.01	0.01	0.02	0.01	0.01	0.98	0.01	0.01	0.900676	0.0179891	0.081335	0.93	0.01	0.06	0.75	0.03	0.22	0.95	0.04	0.01	0.45	0.2	0.05	0.3
3204.812845		0.4	0	0.14	0	0.46	0.97	0	0	0	0.02	0	0.01	0.99	0	0.01	0.938723	0.0113394	0.049938	0.93	0.01	0.06	0.75	0.03	0.22	0.98	0.02	0	0.45	0.2	0.05	0.3
2737.944643		0.35	0	0.15	0	0.5	0.97	0	0	0	0.02	0	0.01	0.99	0	0.01	0.963189	0.0072329	0.0295777	0.94	0	0.06	0.8	0.02	0.18	1	0	0	0.45	0.2	0.05	0.3
2242.671538		0.3	0	0.16	0	0.54	0.97	0	0	0	0.02	0	0.01	1	0	0	0.977637	0.00476301	0.0175997	0.95	0	0.05	0.85	0.02	0.13	1	0	0	0.45	0.2	0.05	0.3
1592.546454		0.3	0	0.14	0	0.56	0.99	0	0	0	0.01	0	0	1	0	0	0.985639	0.00329887	0.0110619	0.96	0	0.04	0.89	0.02	0.09	1	0	0	0.45	0.2	0.05	0.3
1365.59512		0.3	0	0.12	0	0.58	0.99	0	0	0	0.01	0	0	1	0	0	0.990577	0.00231825	0.00710508	0.97	0	0.03	0.93	0.01	0.06	1	0	0	0.45	0.2	0.05	0.3
910.590566		0.3	0	0.1	0	0.6	0.99	0	0	0	0.01	0	0	1	0	0	0.994128	0.00153398	0.00433788	0.98	0	0.02	0.96	0	0.04	1	0	0	0.45	0.2	0.05	0.3
251.051564		0.3	0	0.08	0	0.62	0.99	0	0	0	0.01	0	0	1	0	0	0.996952	0.000851467	0.00219677	0.99	0	0.01	0.99	0	0.01	1	0	0	0.45	0.2	0.05	0.3
26.57884308		0.3	0	0.06	0	0.64	0.99	0	0	0	0.01	0	0	1	0	0	0.998948	0.000323134	0.000728552	1	0	0	1	0	0	1	0	0	0.45	0.2	0.05	0.3
0.790654416		0.3	0	0.04	0	0.66	0.99	0	0	0	0.01	0	0	1	0	0	0.999869	4.39E-05	8.71E-05	1	0	0	1	0	0	1	0	0	0.45	0.2	0.05	0.3
FH,1,L																																
0		1	0	0	0	0	1	0	0	0	0	0	0	1	0	0	0.662462	0.0903399	0.247199	1	0	0	1	0	0	1	0	0	0.45	0.2	0.05	0.3
543.7694902		0.9	0	0.03	0	0.07	0.97	0	0.01	0.01	0.01	0	0	0.98	0.01	0.01	0.523371	0.127761	0.348868	0.86	0.02	0.12	0.9	0.01	0.09	0.85	0.12	0.03	0.45	0.2	0.05	0.3
2437.564935		0.8	0	0.06	0	0.14	0.94	0	0.01	0.01	0.02	0.01	0.01	0.98	0.01	0.01	0.573133	0.0902626	0.336604	0.9	0.01	0.09	0.82	0.02	0.16	0.75	0.2	0.05	0.45	0.2	0.05	0.3
4387.459688		0.7	0	0.08	0	0.22	0.93	0	0.01	0.01	0.03	0.01	0.01	0.98	0.01	0.01	0.632247	0.074831	0.292922	0.92	0.01	0.07	0.75	0.03	0.22	0.7	0.24	0.06	0.45	0.2	0.05	0.3
5754.978841		0.6	0	0.1	0	0.3	0.92	0	0.01	0.01	0.04	0.01	0.01	0.98	0.01	0.01	0.707187	0.0587297	0.234084	0.93	0.01	0.06	0.75	0.03	0.22	0.75	0.2	0.05	0.45	0.2	0.05	0.3
6821.561096		0.5	0	0.12	0	0.38	0.93	0	0.01	0.01	0.03	0.01	0.01	0.98	0.01	0.01	0.788327	0.0419295	0.169743	0.93	0.01	0.06	0.75	0.03	0.22	0.85	0.12	0.03	0.45	0.2	0.05	0.3
8431.796021		0.45	0	0.13	0	0.42	0.94	0	0.01	0.01	0.02	0.01	0.01	0.98	0.01	0.01	0.862586	0.0270246	0.11039	0.93	0.01	0.06	0.75	0.03	0.22	0.95	0.04	0.01	0.45	0.2	0.05	0.3
9568.749597		0.4	0	0.14	0	0.46	0.97	0	0	0	0.02	0	0.01	0.99	0	0.01	0.918554	0.0160088	0.0654373	0.93	0.01	0.06	0.75	0.03	0.22	0.98	0.02	0	0.45	0.2	0.05	0.3
8488.031301		0.35	0	0.15	0	0.5	0.97	0	0	0	0.02	0	0.01	0.99	0	0.01	0.953812	0.00911789	0.0370699	0.94	0	0.06	0.8	0.02	0.18	1	0	0	0.45	0.2	0.05	0.3
7435.354117		0.3	0	0.16	0	0.54	0.97	0	0	0	0.02	0	0.01	1	0	0	0.97488	0.0049859	0.0201338	0.95	0	0.05	0.85	0.02	0.13	1	0	0	0.45	0.2	0.05	0.3
5237.623817		0.3	0	0.14	0	0.56	0.99	0	0	0	0.01	0	0	1	0	0	0.986476	0.00269437	0.0108296	0.96	0	0.04	0.89	0.02	0.09	1	0	0	0.45	0.2	0.05	0.3
4278.395748		0.3	0	0.12	0	0.58	0.99	0	0	0	0.01	0	0	1	0	0	0.992772	0.00144374	0.00578419	0.97	0	0.03	0.93	0.01	0.06	1	0	0	0.45	0.2	0.05	0.3
2401.201138		0.3	0	0.1	0	0.6	0.99	0	0	0	0.01	0	0	1	0	0	0.996299	0.000736493	0.00296411	0.98	0	0.02	0.96	0	0.04	1	0	0	0.45	0.2	0.05	0.3
581.218896		0.3	0	0.08	0	0.62	0.99	0	0	0	0.01	0	0	1	0	0	0.998291	0.000336422	0.00137247	0.99	0	0.01	0.99	0	0.01	1	0	0	0.45	0.2	0.05	0.3
56.98393501		0.3	0	0.06	0	0.64	0.99	0	0	0	0.01	0	0	1	0	0	0.999226	0.000150925	0.0006227	1	0	0	1	0	0	1	0	0	0.45	0.2	0.05	0.3
1.904961932		0.3	0	0.04	0	0.66	0.99	0	0	0	0.01	0	0	1	0	0	0.999625	7.35E-05	0.000301255	1	0	0	1	0	0	1	0	0	0.45	0.2	0.05	0.3
FH,2,L																																
0		1	0	0	0	0	1	0	0	0	0	0	0	1	0	0	0.705365	0.0788612	0.215774	1	0	0	1	0	0	1	0	0	0.45	0.2	0.05	0.3
1302.646436		0.9	0	0.03	0	0.07	0.97	0	0.01	0.01	0.01	0	0	0.98	0.01	0.01	0.574313	0.113876	0.311811	0.86	0.02	0.12	0.9	0.01	0.09	0.85	0.12	0.03	0.45	0.2	0.05	0.3
5839.395795		0.8	0	0.06	0	0.14	0.94	0	0.01	0.01	0.02	0.01	0.01	0.98	0.01	0.01	0.633226	0.0771447	0.28963	0.9	0.01	0.09	0.82	0.02	0.16	0.75	0.2	0.05	0.45	0.2	0.05	0.3
10510.53586		0.7	0	0.08	0	0.22	0.93	0	0.01	0.01	0.03	0.01	0.01	0.98	0.01	0.01	0.697674	0.060831	0.241495	0.92	0.01	0.07	0.75	0.03	0.22	0.7	0.24	0.06	0.45	0.2	0.05	0.3
13786.54524		0.6	0	0.1	0	0.3	0.92	0	0.01	0.01	0.04	0.01	0.01	0.98	0.01	0.01	0.77408	0.0444399	0.18148	0.93	0.01	0.06	0.75	0.03	0.22	0.75	0.2	0.05	0.45	0.2	0.05	0.3
16341.63448		0.5	0	0.12	0	0.38	0.93	0	0.01	0.01	0.03	0.01	0.01	0.98	0.01	0.01	0.850417	0.028753	0.12083	0.93	0.01	0.06	0.75	0.03	0.22	0.85	0.12	0.03	0.45	0.2	0.05	0.3
20199.0903		0.45	0	0.13	0	0.42	0.94	0	0.01	0.01	0.02	0.01	0.01	0.98	0.01	0.01	0.913322	0.0163676	0.0703103	0.93	0.01	0.06	0.75	0.03	0.22	0.95	0.04	0.01	0.45	0.2	0.05	0.3
22922.76007		0.4	0	0.14	0	0.46	0.97	0	0	0	0.02	0	0.01	0.99	0	0.01	0.955196	0.00839104	0.0364134	0.93	0.01	0.06	0.75	0.03	0.22	0.98	0.02	0	0.45	0.2	0.05	0.3
20333.80673		0.35	0	0.15	0	0.5	0.97	0	0	0	0.02	0	0.01	0.99	0	0.01	0.977934	0.00414381	0.0179218	0.94	0	0.06	0.8	0.02	0.18	1	0	0	0.45	0.2	0.05	0.3
17812.02828		0.3	0	0.16	0	0.54	0.97	0	0	0	0.02	0	0.01	1	0	0	0.98948	0.00199536	0.00852452	0.95	0	0.05	0.85	0.02	0.13	1	0	0	0.45	0.2	0.05	0.3
12547.17692		0.3	0	0.14	0	0.56	0.99	0	0	0	0.01	0	0	1	0	0	0.99484	0.000991654	0.00416803	0.96	0	0.04	0.89	0.02	0.09	1	0	0	0.45	0.2	0.05	0.3
10249.26384		0.3	0	0.12	0	0.58	0.99	0	0	0	0.01	0	0	1	0	0	0.997326	0.000522621	0.00215111	0.97	0	0.03	0.93	0.01	0.06	1	0	0	0.45	0.2	0.05	0.3
5752.283201		0.3	0	0.1	0	0.6	0.99	0	0	0	0.01	0	0	1	0	0	0.998648	0.000266595	0.0010856	0.98	0	0.02	0.96	0	0.04	1	0	0	0.45	0.2	0.05	0.3
1392.359698		0.3	0	0.08	0	0.62	0.99	0	0	0	0.01	0	0	1	0	0	0.999412	0.000115672	0.000471953	0.99	0	0.01	0.99	0	0.01	1	0	0	0.45	0.2	0.05	0.3
136.509902		0.3	0	0.06	0	0.64	0.99	0	0	0	0.01	0	0	1	0	0	0.999763	4.64E-05	0.0001906	1	0	0	1	0	0	1	0	0	0.45	0.2	0.05	0.3
4.563499638		0.3	0	0.04	0	0.66	0.99	0	0	0	0.01	0	0	1	0	0	0.999896	2.04E-05	8.34E-05	1	0	0	1	0	0	1	0	0	0.45	0.2	0.05	0.3
FH,11,S																																
1041.256628		1	0	0	0	0	1	0	0	0	0	0	0	1	0	0	0.863746	0.111574	0.0246799	1	0	0	1	0	0	1	0	0	0.45	0.2	0.05	0.3
17739.07441		0.9	0	0.03	0	0.07	0.97	0	0.01	0.01	0.01	0	0	0.98	0.01	0.01	0.784964	0.173241	0.0417951	0.86	0.02	0.12	0.9	0.01	0.09	0.85	0.12	0.03	0.45	0.2	0.05	0.3
25713.54518		0.8	0	0.06	0	0.14	0.94	0	0.01	0.01	0.02	0.01	0.01	0.98	0.01	0.01	0.831118	0.12013	0.0487518	0.9	0.01	0.09	0.82	0.02	0.16	0.75	0.2	0.05	0.45	0.2	0.05	0.3
16419.47371		0.7	0	0.08	0	0.22	0.93	0	0.01	0.01	0.03	0.01	0.01	0.98	0.01	0.01	0.83599	0.113084	0.0509261	0.92	0.01	0.07	0.75	0.03	0.22	0.7	0.24	0.06	0.45	0.2	0.05	0.3
8726.375351		0.6	0	0.1	0	0.3	0.92	0	0.01	0.01	0.04	0.01	0.01	0.98	0.01	0.01	0.839722	0.110161	0.0501166	0.93	0.01	0.06	0.75	0.03	0.22	0.75	0.2	0.05	0.45	0.2	0.05	0.3
4351.166453		0.5	0	0.12	0	0.38	0.93	0	0.01	0.01	0.03	0.01	0.01	0.98	0.01	0.01	0.851306	0.102257	0.0464369	0.93	0.01	0.06	0.75	0.03	0.22	0.85	0.12	0.03	0.45	0.2	0.05	0.3
1808.351731		0.45	0	0.13	0	0.42	0.94	0	0.01	0.01	0.02	0.01	0.01	0.98	0.01	0.01	0.871899	0.08837	0.0397308	0.93	0.01	0.06	0.75	0.03	0.22	0.95	0.04	0.01	0.45	0.2	0.05	0.3
1126.938857		0.4	0	0.14	0	0.46	0.97	0	0	0	0.02	0	0.01	0.99	0	0.01	0.90076	0.0688662	0.0303735	0.93	0.01	0.06	0.75	0.03	0.22	0.98	0.02	0	0.45	0.2	0.05	0.3
722.0771593		0.35	0	0.15	0	0.5	0.97	0	0	0	0.02	0	0.01	0.99	0	0.01	0.926864	0.0511951	0.021941	0.94	0	0.06	0.8	0.02	0.18	1	0	0	0.45	0.2	0.05	0.3
394.3059738		0.3	0	0.16	0	0.54	0.97	0	0	0	0.02	0	0.01	1	0	0	0.946517	0.0378221	0.0156611	0.95	0	0.05	0.85	0.02	0.13	1	0	0	0.45	0.2	0.05	0.3
196.0007959		0.3	0	0.14	0	0.56	0.99	0	0	0	0.01	0	0	1	0	0	0.961641	0.0273942	0.0109652	0.96	0	0.04	0.89	0.02	0.09	1	0	0	0.45	0.2	0.05	0.3
120.0493038		0.3	0	0.12	0	0.58	0.99	0	0	0	0.01	0	0	1	0	0	0.967397	0.0235433	0.0090596	0.97	0	0.03	0.93	0.01	0.06	1	0	0	0.45	0.2	0.05	0.3
64.03992629		0.3	0	0.1	0	0.6	0.99	0	0	0	0.01	0	0	1	0	0	0.976015	0.0174547	0.00652982	0.98	0	0.02	0.96	0	0.04	1	0	0	0.45	0.2	0.05	0.3
13.2419478		0.3	0	0.08	0	0.62	0.99	0	0	0	0.01	0	0	1	0	0	0.984433	0.0114098	0.00415748	0.99	0	0.01	0.99	0	0.01	1	0	0	0.45	0.2	0.05	0.3
0.934617168		0.3	0	0.06	0	0.64	0.99	0	0	0	0.01	0	0	1	0	0	0.989584	0.00768801	0.00272785	1	0	0	1	0	0	1	0	0	0.45	0.2	0.05	0.3
0.013901267		0.3	0	0.04	0	0.66	0.99	0	0	0	0.01	0	0	1	0	0	0.99254	0.00556679	0.00189329	1	0	0	1	0	0	1	0	0	0.45	0.2	0.05	0.3
FH,12,S																																
1561.27636		1	0	0	0	0	1	0	0	0	0	0	0	1	0	0	0.804676	0.057854	0.13747	1	0	0	1	0	0	1	0	0	0.45	0.2	0.05	0.3
26598.24369		0.9	0	0.03	0	0.07	0.97	0	0.01	0.01	0.01	0	0	0.98	0.01	0.01	0.741066	0.0711105	0.187824	0.86	0.02	0.12	0.9	0.01	0.09	0.85	0.12	0.03	0.45	0.2	0.05	0.3
38555.28901		0.8	0	0.06	0	0.14	0.94	0	0.01	0.01	0.02	0.01	0.01	0.98	0.01	0.01	0.755321	0.0545567	0.190122	0.9	0.01	0.09	0.82	0.02	0.16	0.75	0.2	0.05	0.45	0.2	0.05	0.3
24619.6139		0.7	0	0.08	0	0.22	0.93	0	0.01	0.01	0.03	0.01	0.01	0.98	0.01	0.01	0.761002	0.0495296	0.189469	0.92	0.01	0.07	0.75	0.03	0.22	0.7	0.24	0.06	0.45	0.2	0.05	0.3
13084.46274		0.6	0	0.1	0	0.3	0.92	0	0.01	0.01	0.04	0.01	0.01	0.98	0.01	0.01	0.775625	0.0466993	0.177675	0.93	0.01	0.06	0.75	0.03	0.22	0.75	0.2	0.05	0.45	0.2	0.05	0.3
6524.20656		0.5	0	0.12	0	0.38	0.93	0	0.01	0.01	0.03	0.01	0.01	0.98	0.01	0.01	0.806316	0.0408936	0.15279	0.93	0.01	0.06	0.75	0.03	0.22	0.85	0.12	0.03	0.45	0.2	0.05	0.3
2711.470672		0.45	0	0.13	0	0.42	0.94	0	0.01	0.01	0.02	0.01	0.01	0.98	0.01	0.01	0.8468	0.0331782	0.120022	0.93	0.01	0.06	0.75	0.03	0.22	0.95	0.04	0.01	0.45	0.2	0.05	0.3
1689.749626		0.4	0	0.14	0	0.46	0.97	0	0	0	0.02	0	0.01	0.99	0	0.01	0.886466	0.0254634	0.0880703	0.93	0.01	0.06	0.75	0.03	0.22	0.98	0.02	0	0.45	0.2	0.05	0.3
1082.693708		0.35	0	0.15	0	0.5	0.97	0	0	0	0.02	0	0.01	0.99	0	0.01	0.917232	0.0192435	0.0635246	0.94	0	0.06	0.8	0.02	0.18	1	0	0	0.45	0.2	0.05	0.3
591.2285013		0.3	0	0.16	0	0.54	0.97	0	0	0	0.02	0	0.01	1	0	0	0.939972	0.0143904	0.0456371	0.95	0	0.05	0.85	0.02	0.13	1	0	0	0.45	0.2	0.05	0.3
293.8866376		0.3	0	0.14	0	0.56	0.99	0	0	0	0.01	0	0	1	0	0	0.955913	0.0108129	0.0332739	0.96	0	0.04	0.89	0.02	0.09	1	0	0	0.45	0.2	0.05	0.3
180.0037907		0.3	0	0.12	0	0.58	0.99	0	0	0	0.01	0	0	1	0	0	0.967785	0.00806276	0.0241527	0.97	0	0.03	0.93	0.01	0.06	1	0	0	0.45	0.2	0.05	0.3
96.02246011		0.3	0	0.1	0	0.6	0.99	0	0	0	0.01	0	0	1	0	0	0.976753	0.00594895	0.0172978	0.98	0	0.02	0.96	0	0.04	1	0	0	0.45	0.2	0.05	0.3
19.8551822		0.3	0	0.08	0	0.62	0.99	0	0	0	0.01	0	0	1	0	0	0.985059	0.00395343	0.010988	0.99	0	0.01	0.99	0	0.01	1	0	0	0.45	0.2	0.05	0.3
1.401379498		0.3	0	0.06	0	0.64	0.99	0	0	0	0.01	0	0	1	0	0	0.992363	0.00216495	0.00547202	1	0	0	1	0	0	1	0	0	0.45	0.2	0.05	0.3
0.020843776		0.3	0	0.04	0	0.66	0.99	0	0	0	0.01	0	0	1	0	0	0.996973	0.000987429	0.00203991	1	0	0	1	0	0	1	0	0	0.45	0.2	0.05	0.3
FH,22,S																																
585.250506		1	0	0	0	0	1	0	0	0	0	0	0	1	0	0	0.856345	0.0420517	0.101603	1	0	0	1	0	0	1	0	0	0.45	0.2	0.05	0.3
9970.454925		0.9	0	0.03	0	0.07	0.97	0	0.01	0.01	0.01	0	0	0.98	0.01	0.01	0.802058	0.0524596	0.145482	0.86	0.02	0.12	0.9	0.01	0.09	0.85	0.12	0.03	0.45	0.2	0.05	0.3
14452.59979		0.8	0	0.06	0	0.14	0.94	0	0.01	0.01	0.02	0.01	0.01	0.98	0.01	0.01	0.81543	0.0386598	0.145911	0.9	0.01	0.09	0.82	0.02	0.16	0.75	0.2	0.05	0.45	0.2	0.05	0.3
9228.757867		0.7	0	0.08	0	0.22	0.93	0	0.01	0.01	0.03	0.01	0.01	0.98	0.01	0.01	0.822175	0.0341526	0.143672	0.92	0.01	0.07	0.75	0.03	0.22	0.7	0.24	0.06	0.45	0.2	0.05	0.3
4904.761662		0.6	0	0.1	0	0.3	0.92	0	0.01	0.01	0.04	0.01	0.01	0.98	0.01	0.01	0.836009	0.0315134	0.132478	0.93	0.01	0.06	0.75	0.03	0.22	0.75	0.2	0.05	0.45	0.2	0.05	0.3
2445.624162		0.5	0	0.12	0	0.38	0.93	0	0.01	0.01	0.03	0.01	0.01	0.98	0.01	0.01	0.861523	0.0270215	0.111456	0.93	0.01	0.06	0.75	0.03	0.22	0.85	0.12	0.03	0.45	0.2	0.05	0.3
1016.40531		0.45	0	0.13	0	0.42	0.94	0	0.01	0.01	0.02	0.01	0.01	0.98	0.01	0.01	0.893285	0.0215213	0.0851934	0.93	0.01	0.06	0.75	0.03	0.22	0.95	0.04	0.01	0.45	0.2	0.05	0.3
633.4092083		0.4	0	0.14	0	0.46	0.97	0	0	0	0.02	0	0.01	0.99	0	0.01	0.923247	0.0162601	0.0604925	0.93	0.01	0.06	0.75	0.03	0.22	0.98	0.02	0	0.45	0.2	0.05	0.3
405.8519403		0.35	0	0.15	0	0.5	0.97	0	0	0	0.02	0	0.01	0.99	0	0.01	0.945644	0.0121473	0.0422086	0.94	0	0.06	0.8	0.02	0.18	1	0	0	0.45	0.2	0.05	0.3
221.6242994		0.3	0	0.16	0	0.54	0.97	0	0	0	0.02	0	0.01	1	0	0	0.961546	0.00901228	0.0294416	0.95	0	0.05	0.85	0.02	0.13	1	0	0	0.45	0.2	0.05	0.3
110.1645472		0.3	0	0.14	0	0.56	0.99	0	0	0	0.01	0	0	1	0	0	0.972299	0.00673716	0.0209642	0.96	0	0.04	0.89	0.02	0.09	1	0	0	0.45	0.2	0.05	0.3
67.47511987		0.3	0	0.12	0	0.58	0.99	0	0	0	0.01	0	0	1	0	0	0.98016	0.00498991	0.0148504	0.97	0	0.03	0.93	0.01	0.06	1	0	0	0.45	0.2	0.05	0.3
35.99439202		0.3	0	0.1	0	0.6	0.99	0	0	0	0.01	0	0	1	0	0	0.986093	0.00362613	0.0102808	0.98	0	0.02	0.96	0	0.04	1	0	0	0.45	0.2	0.05	0.3
7.442792142		0.3	0	0.08	0	0.62	0.99	0	0	0	0.01	0	0	1	0	0	0.99177	0.00226681	0.00596329	0.99	0	0.01	0.99	0	0.01	1	0	0	0.45	0.2	0.05	0.3
0.525312546		0.3	0	0.06	0	0.64	0.99	0	0	0	0.01	0	0	1	0	0	0.996576	0.00104966	0.00237445	1	0	0	1	0	0	1	0	0	0.45	0.2	0.05	0.3
0.00781337		0.3	0	0.04	0	0.66	0.99	0	0	0	0.01	0	0	1	0	0	0.998814	0.000415754	0.000769878	1	0	0	1	0	0	1	0	0	0.45	0.2	0.05	0.3
FH,11,L																																
0		1	0	0	0	0	1	0	0	0	0	0	0	1	0	0	0.572654	0.114511	0.312835	1	0	0	1	0	0	1	0	0	0.45	0.2	0.05	0.3
748.298768		0.9	0	0.03	0	0.07	0.97	0	0.01	0.01	0.01	0	0	0.98	0.01	0.01	0.492152	0.138672	0.369176	0.86	0.02	0.12	0.9	0.01	0.09	0.85	0.12	0.03	0.45	0.2	0.05	0.3
3913.480526		0.8	0	0.06	0	0.14	0.94	0	0.01	0.01	0.02	0.01	0.01	0.98	0.01	0.01	0.547139	0.0979149	0.354946	0.9	0.01	0.09	0.82	0.02	0.16	0.75	0.2	0.05	0.45	0.2	0.05	0.3
7379.441742		0.7	0	0.08	0	0.22	0.93	0	0.01	0.01	0.03	0.01	0.01	0.98	0.01	0.01	0.597663	0.0853169	0.31702	0.92	0.01	0.07	0.75	0.03	0.22	0.7	0.24	0.06	0.45	0.2	0.05	0.3
7919.61236		0.6	0	0.1	0	0.3	0.92	0	0.01	0.01	0.04	0.01	0.01	0.98	0.01	0.01	0.659643	0.072477	0.26788	0.93	0.01	0.06	0.75	0.03	0.22	0.75	0.2	0.05	0.45	0.2	0.05	0.3
6258.247113		0.5	0	0.12	0	0.38	0.93	0	0.01	0.01	0.03	0.01	0.01	0.98	0.01	0.01	0.72924	0.0582226	0.212537	0.93	0.01	0.06	0.75	0.03	0.22	0.85	0.12	0.03	0.45	0.2	0.05	0.3
3867.755662		0.45	0	0.13	0	0.42	0.94	0	0.01	0.01	0.02	0.01	0.01	0.98	0.01	0.01	0.799304	0.0437643	0.156931	0.93	0.01	0.06	0.75	0.03	0.22	0.95	0.04	0.01	0.45	0.2	0.05	0.3
2926.192343		0.4	0	0.14	0	0.46	0.97	0	0	0	0.02	0	0.01	0.99	0	0.01	0.859827	0.0310883	0.109084	0.93	0.01	0.06	0.75	0.03	0.22	0.98	0.02	0	0.45	0.2	0.05	0.3
1946.775695		0.35	0	0.15	0	0.5	0.97	0	0	0	0.02	0	0.01	0.99	0	0.01	0.904302	0.0215915	0.0741067	0.94	0	0.06	0.8	0.02	0.18	1	0	0	0.45	0.2	0.05	0.3
1136.892342		0.3	0	0.16	0	0.54	0.97	0	0	0	0.02	0	0.01	1	0	0	0.935712	0.0147385	0.0495499	0.95	0	0.05	0.85	0.02	0.13	1	0	0	0.45	0.2	0.05	0.3
560.5960417		0.3	0	0.14	0	0.56	0.99	0	0	0	0.01	0	0	1	0	0	0.956385	0.0101388	0.033476	0.96	0	0.04	0.89	0.02	0.09	1	0	0	0.45	0.2	0.05	0.3
327.0910361		0.3	0	0.12	0	0.58	0.99	0	0	0	0.01	0	0	1	0	0	0.970075	0.00704732	0.0228781	0.97	0	0.03	0.93	0.01	0.06	1	0	0	0.45	0.2	0.05	0.3
146.8609103		0.3	0	0.1	0	0.6	0.99	0	0	0	0.01	0	0	1	0	0	0.979591	0.00485466	0.015554	0.98	0	0.02	0.96	0	0.04	1	0	0	0.45	0.2	0.05	0.3
26.66113685		0.3	0	0.08	0	0.62	0.99	0	0	0	0.01	0	0	1	0	0	0.986865	0.00314627	0.00998874	0.99	0	0.01	0.99	0	0.01	1	0	0	0.45	0.2	0.05	0.3
1.742609655		0.3	0	0.06	0	0.64	0.99	0	0	0	0.01	0	0	1	0	0	0.99154	0.00203602	0.0064243	1	0	0	1	0	0	1	0	0	0.45	0.2	0.05	0.3
0.029127552		0.3	0	0.04	0	0.66	0.99	0	0	0	0.01	0	0	1	0	0	0.994046	0.00143623	0.00451755	1	0	0	1	0	0	1	0	0	0.45	0.2	0.05	0.3
FH,12,L																																
0		1	0	0	0	0	1	0	0	0	0	0	0	1	0	0	0.613599	0.103536	0.282865	1	0	0	1	0	0	1	0	0	0.45	0.2	0.05	0.3
561.0053975		0.9	0	0.03	0	0.07	0.97	0	0.01	0.01	0.01	0	0	0.98	0.01	0.01	0.521322	0.13005	0.348628	0.86	0.02	0.12	0.9	0.01	0.09	0.85	0.12	0.03	0.45	0.2	0.05	0.3
2933.966742		0.8	0	0.06	0	0.14	0.94	0	0.01	0.01	0.02	0.01	0.01	0.98	0.01	0.01	0.579078	0.0899846	0.330937	0.9	0.01	0.09	0.82	0.02	0.16	0.75	0.2	0.05	0.45	0.2	0.05	0.3
5532.424781		0.7	0	0.08	0	0.22	0.93	0	0.01	0.01	0.03	0.01	0.01	0.98	0.01	0.01	0.635651	0.0758381	0.288511	0.92	0.01	0.07	0.75	0.03	0.22	0.7	0.24	0.06	0.45	0.2	0.05	0.3
5937.394888		0.6	0	0.1	0	0.3	0.92	0	0.01	0.01	0.04	0.01	0.01	0.98	0.01	0.01	0.702476	0.0617052	0.235818	0.93	0.01	0.06	0.75	0.03	0.22	0.75	0.2	0.05	0.45	0.2	0.05	0.3
4691.856461		0.5	0	0.12	0	0.38	0.93	0	0.01	0.01	0.03	0.01	0.01	0.98	0.01	0.01	0.772833	0.0472377	0.179929	0.93	0.01	0.06	0.75	0.03	0.22	0.85	0.12	0.03	0.45	0.2	0.05	0.3
2899.686456		0.45	0	0.13	0	0.42	0.94	0	0.01	0.01	0.02	0.01	0.01	0.98	0.01	0.01	0.839141	0.0337338	0.127126	0.93	0.01	0.06	0.75	0.03	0.22	0.95	0.04	0.01	0.45	0.2	0.05	0.3
2193.789124		0.4	0	0.14	0	0.46	0.97	0	0	0	0.02	0	0.01	0.99	0	0.01	0.89329	0.0226814	0.0840284	0.93	0.01	0.06	0.75	0.03	0.22	0.98	0.02	0	0.45	0.2	0.05	0.3
1459.512857		0.35	0	0.15	0	0.5	0.97	0	0	0	0.02	0	0.01	0.99	0	0.01	0.931056	0.0148905	0.0540534	0.94	0	0.06	0.8	0.02	0.18	1	0	0	0.45	0.2	0.05	0.3
852.337018		0.3	0	0.16	0	0.54	0.97	0	0	0	0.02	0	0.01	1	0	0	0.956312	0.00959555	0.034092	0.95	0	0.05	0.85	0.02	0.13	1	0	0	0.45	0.2	0.05	0.3
420.283206		0.3	0	0.14	0	0.56	0.99	0	0	0	0.01	0	0	1	0	0	0.97205	0.00624095	0.0217088	0.96	0	0.04	0.89	0.02	0.09	1	0	0	0.45	0.2	0.05	0.3
245.2226899		0.3	0	0.12	0	0.58	0.99	0	0	0	0.01	0	0	1	0	0	0.981897	0.00411325	0.0139901	0.97	0	0.03	0.93	0.01	0.06	1	0	0	0.45	0.2	0.05	0.3
110.102765		0.3	0	0.1	0	0.6	0.99	0	0	0	0.01	0	0	1	0	0	0.988323	0.00269257	0.00898463	0.98	0	0.02	0.96	0	0.04	1	0	0	0.45	0.2	0.05	0.3
19.98806134		0.3	0	0.08	0	0.62	0.99	0	0	0	0.01	0	0	1	0	0	0.993011	0.00162953	0.00535986	0.99	0	0.01	0.99	0	0.01	1	0	0	0.45	0.2	0.05	0.3
1.306447991		0.3	0	0.06	0	0.64	0.99	0	0	0	0.01	0	0	1	0	0	0.995927	0.000957113	0.00311563	1	0	0	1	0	0	1	0	0	0.45	0.2	0.05	0.3
0.021837152		0.3	0	0.04	0	0.66	0.99	0	0	0	0.01	0	0	1	0	0	0.997472	0.000597122	0.00193088	1	0	0	1	0	0	1	0	0	0.45	0.2	0.05	0.3
FH,21,L																																
0		1	0	0	0	0	1	0	0	0	0	0	0	1	0	0	0.6038	0.106193	0.290007	1	0	0	1	0	0	1	0	0	0.45	0.2	0.05	0.3
1792.613857		0.9	0	0.03	0	0.07	0.97	0	0.01	0.01	0.01	0	0	0.98	0.01	0.01	0.53722	0.126705	0.336075	0.86	0.02	0.12	0.9	0.01	0.09	0.85	0.12	0.03	0.45	0.2	0.05	0.3
9375.078136		0.8	0	0.06	0	0.14	0.94	0	0.01	0.01	0.02	0.01	0.01	0.98	0.01	0.01	0.602099	0.0864054	0.311495	0.9	0.01	0.09	0.82	0.02	0.16	0.75	0.2	0.05	0.45	0.2	0.05	0.3
17678.08539		0.7	0	0.08	0	0.22	0.93	0	0.01	0.01	0.03	0.01	0.01	0.98	0.01	0.01	0.6569	0.0731443	0.269955	0.92	0.01	0.07	0.75	0.03	0.22	0.7	0.24	0.06	0.45	0.2	0.05	0.3
18972.11042		0.6	0	0.1	0	0.3	0.92	0	0.01	0.01	0.04	0.01	0.01	0.98	0.01	0.01	0.719409	0.0602596	0.220331	0.93	0.01	0.06	0.75	0.03	0.22	0.75	0.2	0.05	0.45	0.2	0.05	0.3
14992.16753		0.5	0	0.12	0	0.38	0.93	0	0.01	0.01	0.03	0.01	0.01	0.98	0.01	0.01	0.784671	0.0469503	0.168379	0.93	0.01	0.06	0.75	0.03	0.22	0.85	0.12	0.03	0.45	0.2	0.05	0.3
9265.540304		0.45	0	0.13	0	0.42	0.94	0	0.01	0.01	0.02	0.01	0.01	0.98	0.01	0.01	0.845555	0.034396	0.120049	0.93	0.01	0.06	0.75	0.03	0.22	0.95	0.04	0.01	0.45	0.2	0.05	0.3
7009.944645		0.4	0	0.14	0	0.46	0.97	0	0	0	0.02	0	0.01	0.99	0	0.01	0.894424	0.0240969	0.0814794	0.93	0.01	0.06	0.75	0.03	0.22	0.98	0.02	0	0.45	0.2	0.05	0.3
4663.668092		0.35	0	0.15	0	0.5	0.97	0	0	0	0.02	0	0.01	0.99	0	0.01	0.928024	0.0168035	0.0551721	0.94	0	0.06	0.8	0.02	0.18	1	0	0	0.45	0.2	0.05	0.3
2723.523082		0.3	0	0.16	0	0.54	0.97	0	0	0	0.02	0	0.01	1	0	0	0.950703	0.0117169	0.0375799	0.95	0	0.05	0.85	0.02	0.13	1	0	0	0.45	0.2	0.05	0.3
1342.955883		0.3	0	0.14	0	0.56	0.99	0	0	0	0.01	0	0	1	0	0	0.965336	0.00833978	0.026324	0.96	0	0.04	0.89	0.02	0.09	1	0	0	0.45	0.2	0.05	0.3
783.5746213		0.3	0	0.12	0	0.58	0.99	0	0	0	0.01	0	0	1	0	0	0.975083	0.00604593	0.0188706	0.97	0	0.03	0.93	0.01	0.06	1	0	0	0.45	0.2	0.05	0.3
351.8179023		0.3	0	0.1	0	0.6	0.99	0	0	0	0.01	0	0	1	0	0	0.982279	0.00432289	0.0133977	0.98	0	0.02	0.96	0	0.04	1	0	0	0.45	0.2	0.05	0.3
63.8690392		0.3	0	0.08	0	0.62	0.99	0	0	0	0.01	0	0	1	0	0	0.988186	0.0028889	0.00892517	0.99	0	0.01	0.99	0	0.01	1	0	0	0.45	0.2	0.05	0.3
4.174570837		0.3	0	0.06	0	0.64	0.99	0	0	0	0.01	0	0	1	0	0	0.992155	0.00191678	0.00592809	1	0	0	1	0	0	1	0	0	0.45	0.2	0.05	0.3
0.069777548		0.3	0	0.04	0	0.66	0.99	0	0	0	0.01	0	0	1	0	0	0.994324	0.00138172	0.00429412	1	0	0	1	0	0	1	0	0	0.45	0.2	0.05	0.3
FH,22,L																																
0		1	0	0	0	0	1	0	0	0	0	0	0	1	0	0	0.649881	0.0938409	0.256278	1	0	0	1	0	0	1	0	0	0.45	0.2	0.05	0.3
1343.936529		0.9	0	0.03	0	0.07	0.97	0	0.01	0.01	0.01	0	0	0.98	0.01	0.01	0.571874	0.116411	0.311714	0.86	0.02	0.12	0.9	0.01	0.09	0.85	0.12	0.03	0.45	0.2	0.05	0.3
7028.568884		0.8	0	0.06	0	0.14	0.94	0	0.01	0.01	0.02	0.01	0.01	0.98	0.01	0.01	0.64055	0.0768035	0.282647	0.9	0.01	0.09	0.82	0.02	0.16	0.75	0.2	0.05	0.45	0.2	0.05	0.3
13253.3979		0.7	0	0.08	0	0.22	0.93	0	0.01	0.01	0.03	0.01	0.01	0.98	0.01	0.01	0.702458	0.0617381	0.235804	0.92	0.01	0.07	0.75	0.03	0.22	0.7	0.24	0.06	0.45	0.2	0.05	0.3
14223.53852		0.6	0	0.1	0	0.3	0.92	0	0.01	0.01	0.04	0.01	0.01	0.98	0.01	0.01	0.769895	0.0475433	0.182562	0.93	0.01	0.06	0.75	0.03	0.22	0.75	0.2	0.05	0.45	0.2	0.05	0.3
11239.74442		0.5	0	0.12	0	0.38	0.93	0	0.01	0.01	0.03	0.01	0.01	0.98	0.01	0.01	0.834662	0.0343441	0.130994	0.93	0.01	0.06	0.75	0.03	0.22	0.85	0.12	0.03	0.45	0.2	0.05	0.3
6946.44752		0.45	0	0.13	0	0.42	0.94	0	0.01	0.01	0.02	0.01	0.01	0.98	0.01	0.01	0.889776	0.0232584	0.0869656	0.93	0.01	0.06	0.75	0.03	0.22	0.95	0.04	0.01	0.45	0.2	0.05	0.3
5255.409938		0.4	0	0.14	0	0.46	0.97	0	0	0	0.02	0	0.01	0.99	0	0.01	0.930418	0.0150534	0.0545283	0.93	0.01	0.06	0.75	0.03	0.22	0.98	0.02	0	0.45	0.2	0.05	0.3
3496.388186		0.35	0	0.15	0	0.5	0.97	0	0	0	0.02	0	0.01	0.99	0	0.01	0.956084	0.00977528	0.0341405	0.94	0	0.06	0.8	0.02	0.18	1	0	0	0.45	0.2	0.05	0.3
2041.846405		0.3	0	0.16	0	0.54	0.97	0	0	0	0.02	0	0.01	1	0	0	0.971909	0.0064222	0.0216692	0.95	0	0.05	0.85	0.02	0.13	1	0	0	0.45	0.2	0.05	0.3
1006.824454		0.3	0	0.14	0	0.56	0.99	0	0	0	0.01	0	0	1	0	0	0.981257	0.0043768	0.0143666	0.96	0	0.04	0.89	0.02	0.09	1	0	0	0.45	0.2	0.05	0.3
587.4519786		0.3	0	0.12	0	0.58	0.99	0	0	0	0.01	0	0	1	0	0	0.986992	0.00308776	0.00992033	0.97	0	0.03	0.93	0.01	0.06	1	0	0	0.45	0.2	0.05	0.3
263.7606135		0.3	0	0.1	0	0.6	0.99	0	0	0	0.01	0	0	1	0	0	0.991026	0.0021534	0.00682044	0.98	0	0.02	0.96	0	0.04	1	0	0	0.45	0.2	0.05	0.3
47.88311468		0.3	0	0.08	0	0.62	0.99	0	0	0	0.01	0	0	1	0	0	0.994318	0.00137237	0.00430974	0.99	0	0.01	0.99	0	0.01	1	0	0	0.45	0.2	0.05	0.3
3.129708175		0.3	0	0.06	0	0.64	0.99	0	0	0	0.01	0	0	1	0	0	0.996527	0.000840458	0.0026325	1	0	0	1	0	0	1	0	0	0.45	0.2	0.05	0.3
0.05231277		0.3	0	0.04	0	0.66	0.99	0	0	0	0.01	0	0	1	0	0	0.997753	0.000542273	0.00170436	1	0	0	1	0	0	1	0	0	0.45	0.2	0.05	0.3
FL,0																																
17507.56136		1	0	0	0	0	1	0	0	0	0	0	0	1	0	0	0.987283	0.0028701	0.00984657	1	0	0	1	0	0	1	0	0	0.45	0.2	0.05	0.3
178802.6613		0.9	0	0.03	0	0.07	0.97	0	0.01	0.01	0.01	0	0	0.98	0.01	0.01	0.951886	0.0120584	0.0360558	0.86	0.02	0.12	0.9	0.01	0.09	0.85	0.12	0.03	0.45	0.2	0.05	0.3
265404.5612		0.8	0	0.06	0	0.14	0.94	0	0.01	0.01	0.02	0.01	0.01	0.98	0.01	0.01	0.941469	0.0119995	0.0465319	0.9	0.01	0.09	0.82	0.02	0.16	0.75	0.2	0.05	0.45	0.2	0.05	0.3
177389.8299		0.7	0	0.08	0	0.22	0.93	0	0.01	0.01	0.03	0.01	0.01	0.98	0.01	0.01	0.940422	0.0111341	0.0484437	0.92	0.01	0.07	0.75	0.03	0.22	0.7	0.24	0.06	0.45	0.2	0.05	0.3
121922.5014		0.6	0	0.1	0	0.3	0.92	0	0.01	0.01	0.04	0.01	0.01	0.98	0.01	0.01	0.950043	0.00894319	0.0410135	0.93	0.01	0.06	0.75	0.03	0.22	0.75	0.2	0.05	0.45	0.2	0.05	0.3
97711.42016		0.5	0	0.12	0	0.38	0.93	0	0.01	0.01	0.03	0.01	0.01	0.98	0.01	0.01	0.966719	0.00557737	0.0277032	0.93	0.01	0.06	0.75	0.03	0.22	0.85	0.12	0.03	0.45	0.2	0.05	0.3
101268.7511		0.45	0	0.13	0	0.42	0.94	0	0.01	0.01	0.02	0.01	0.01	0.98	0.01	0.01	0.982401	0.00273462	0.0148644	0.93	0.01	0.06	0.75	0.03	0.22	0.95	0.04	0.01	0.45	0.2	0.05	0.3
115923.6232		0.4	0	0.14	0	0.46	0.97	0	0	0	0.02	0	0.01	0.99	0	0.01	0.992368	0.0011059	0.00652572	0.93	0.01	0.06	0.75	0.03	0.22	0.98	0.02	0	0.45	0.2	0.05	0.3
118162.0044		0.35	0	0.15	0	0.5	0.97	0	0	0	0.02	0	0.01	0.99	0	0.01	0.997063	0.000403635	0.00253321	0.94	0	0.06	0.8	0.02	0.18	1	0	0	0.45	0.2	0.05	0.3
129212.8388		0.3	0	0.16	0	0.54	0.97	0	0	0	0.02	0	0.01	1	0	0	0.998986	0.000134244	0.000879368	0.95	0	0.05	0.85	0.02	0.13	1	0	0	0.45	0.2	0.05	0.3
122033.9495		0.3	0	0.14	0	0.56	0.99	0	0	0	0.01	0	0	1	0	0	0.999674	4.20E-05	0.000283637	0.96	0	0.04	0.89	0.02	0.09	1	0	0	0.45	0.2	0.05	0.3
139670.2245		0.3	0	0.12	0	0.58	0.99	0	0	0	0.01	0	0	1	0	0	0.999914	1.09E-05	7.53E-05	0.97	0	0.03	0.93	0.01	0.06	1	0	0	0.45	0.2	0.05	0.3
113685.8506		0.3	0	0.1	0	0.6	0.99	0	0	0	0.01	0	0	1	0	0	0.99998	2.44E-06	1.79E-05	0.98	0	0.02	0.96	0	0.04	1	0	0	0.45	0.2	0.05	0.3
40818.24851		0.3	0	0.08	0	0.62	0.99	0	0	0	0.01	0	0	1	0	0	0.999995	5.87E-07	4.79E-06	0.99	0	0.01	0.99	0	0.01	1	0	0	0.45	0.2	0.05	0.3
6332.874067		0.3	0	0.06	0	0.64	0.99	0	0	0	0.01	0	0	1	0	0	0.999998	1.93E-07	1.73E-06	1	0	0	1	0	0	1	0	0	0.45	0.2	0.05	0.3
368.2271499		0.3	0	0.04	0	0.66	0.99	0	0	0	0.01	0	0	1	0	0	0.999999	7.88E-08	7.36E-07	1	0	0	1	0	0	1	0	0	0.45	0.2	0.05	0.3
FL,1,S																																
8818.929693		1	0	0	0	0	1	0	0	0	0	0	0	1	0	0	0.906552	0.0286557	0.0647926	1	0	0	1	0	0	1	0	0	0.45	0.2	0.05	0.3
162120.0417		0.9	0	0.03	0	0.07	0.97	0	0.01	0.01	0.01	0	0	0.98	0.01	0.01	0.874412	0.03684	0.0887482	0.86	0.02	0.12	0.9	0.01	0.09	0.85	0.12	0.03	0.45	0.2	0.05	0.3
280748.7945		0.8	0	0.06	0	0.14	0.94	0	0.01	0.01	0.02	0.01	0.01	0.98	0.01	0.01	0.87855	0.0296689	0.0917808	0.9	0.01	0.09	0.82	0.02	0.16	0.75	0.2	0.05	0.45	0.2	0.05	0.3
196581.0368		0.7	0	0.08	0	0.22	0.93	0	0.01	0.01	0.03	0.01	0.01	0.98	0.01	0.01	0.878246	0.0280064	0.0937474	0.92	0.01	0.07	0.75	0.03	0.22	0.7	0.24	0.06	0.45	0.2	0.05	0.3
110546.9061		0.6	0	0.1	0	0.3	0.92	0	0.01	0.01	0.04	0.01	0.01	0.98	0.01	0.01	0.885411	0.0264879	0.0881011	0.93	0.01	0.06	0.75	0.03	0.22	0.75	0.2	0.05	0.45	0.2	0.05	0.3
59063.17575		0.5	0	0.12	0	0.38	0.93	0	0.01	0.01	0.03	0.01	0.01	0.98	0.01	0.01	0.90357	0.0225858	0.0738446	0.93	0.01	0.06	0.75	0.03	0.22	0.85	0.12	0.03	0.45	0.2	0.05	0.3
30606.72968		0.45	0	0.13	0	0.42	0.94	0	0.01	0.01	0.02	0.01	0.01	0.98	0.01	0.01	0.926904	0.0174391	0.0556566	0.93	0.01	0.06	0.75	0.03	0.22	0.95	0.04	0.01	0.45	0.2	0.05	0.3
23357.2743		0.4	0	0.14	0	0.46	0.97	0	0	0	0.02	0	0.01	0.99	0	0.01	0.948186	0.0126162	0.0391973	0.93	0.01	0.06	0.75	0.03	0.22	0.98	0.02	0	0.45	0.2	0.05	0.3
17856.21174		0.35	0	0.15	0	0.5	0.97	0	0	0	0.02	0	0.01	0.99	0	0.01	0.963722	0.00898933	0.0272883	0.94	0	0.06	0.8	0.02	0.18	1	0	0	0.45	0.2	0.05	0.3
13017.44906		0.3	0	0.16	0	0.54	0.97	0	0	0	0.02	0	0.01	1	0	0	0.97494	0.00630358	0.0187562	0.95	0	0.05	0.85	0.02	0.13	1	0	0	0.45	0.2	0.05	0.3
8605.952129		0.3	0	0.14	0	0.56	0.99	0	0	0	0.01	0	0	1	0	0	0.98284	0.00439431	0.0127656	0.96	0	0.04	0.89	0.02	0.09	1	0	0	0.45	0.2	0.05	0.3
7035.485208		0.3	0	0.12	0	0.58	0.99	0	0	0	0.01	0	0	1	0	0	0.989157	0.00288786	0.00795494	0.97	0	0.03	0.93	0.01	0.06	1	0	0	0.45	0.2	0.05	0.3
4581.277783		0.3	0	0.1	0	0.6	0.99	0	0	0	0.01	0	0	1	0	0	0.99444	0.00158371	0.00397659	0.98	0	0.02	0.96	0	0.04	1	0	0	0.45	0.2	0.05	0.3
1233.66101		0.3	0	0.08	0	0.62	0.99	0	0	0	0.01	0	0	1	0	0	0.998406	0.000512145	0.00108136	0.99	0	0.01	0.99	0	0.01	1	0	0	0.45	0.2	0.05	0.3
127.6001152		0.3	0	0.06	0	0.64	0.99	0	0	0	0.01	0	0	1	0	0	0.999676	0.000112228	0.000212193	1	0	0	1	0	0	1	0	0	0.45	0.2	0.05	0.3
3.709676384		0.3	0	0.04	0	0.66	0.99	0	0	0	0.01	0	0	1	0	0	0.999953	1.66E-05	3.02E-05	1	0	0	1	0	0	1	0	0	0.45	0.2	0.05	0.3
FL,2,S																																
12102.60613		1	0	0	0	0	1	0	0	0	0	0	0	1	0	0	0.990252	0.00270639	0.00704139	1	0	0	1	0	0	1	0	0	0.45	0.2	0.05	0.3
222484.4828		0.9	0	0.03	0	0.07	0.97	0	0.01	0.01	0.01	0	0	0.98	0.01	0.01	0.976753	0.00521715	0.0180298	0.86	0.02	0.12	0.9	0.01	0.09	0.85	0.12	0.03	0.45	0.2	0.05	0.3
385283.9518		0.8	0	0.06	0	0.14	0.94	0	0.01	0.01	0.02	0.01	0.01	0.98	0.01	0.01	0.974978	0.00394136	0.0210803	0.9	0.01	0.09	0.82	0.02	0.16	0.75	0.2	0.05	0.45	0.2	0.05	0.3
269776.826		0.7	0	0.08	0	0.22	0.93	0	0.01	0.01	0.03	0.01	0.01	0.98	0.01	0.01	0.97454	0.00351572	0.0219444	0.92	0.01	0.07	0.75	0.03	0.22	0.7	0.24	0.06	0.45	0.2	0.05	0.3
151708.3944		0.6	0	0.1	0	0.3	0.92	0	0.01	0.01	0.04	0.01	0.01	0.98	0.01	0.01	0.977631	0.00305621	0.0193131	0.93	0.01	0.06	0.75	0.03	0.22	0.75	0.2	0.05	0.45	0.2	0.05	0.3
81055.00077		0.5	0	0.12	0	0.38	0.93	0	0.01	0.01	0.03	0.01	0.01	0.98	0.01	0.01	0.983455	0.00229788	0.0142467	0.93	0.01	0.06	0.75	0.03	0.22	0.85	0.12	0.03	0.45	0.2	0.05	0.3
42002.96489		0.45	0	0.13	0	0.42	0.94	0	0.01	0.01	0.02	0.01	0.01	0.98	0.01	0.01	0.989568	0.00153251	0.00889949	0.93	0.01	0.06	0.75	0.03	0.22	0.95	0.04	0.01	0.45	0.2	0.05	0.3
32054.21758		0.4	0	0.14	0	0.46	0.97	0	0	0	0.02	0	0.01	0.99	0	0.01	0.994148	0.000952232	0.00490017	0.93	0.01	0.06	0.75	0.03	0.22	0.98	0.02	0	0.45	0.2	0.05	0.3
24504.86683		0.35	0	0.15	0	0.5	0.97	0	0	0	0.02	0	0.01	0.99	0	0.01	0.996789	0.000592349	0.00261848	0.94	0	0.06	0.8	0.02	0.18	1	0	0	0.45	0.2	0.05	0.3
17864.41942		0.3	0	0.16	0	0.54	0.97	0	0	0	0.02	0	0.01	1	0	0	0.998234	0.000368003	0.0013976	0.95	0	0.05	0.85	0.02	0.13	1	0	0	0.45	0.2	0.05	0.3
11810.32763		0.3	0	0.14	0	0.56	0.99	0	0	0	0.01	0	0	1	0	0	0.999016	0.000227766	0.000755913	0.96	0	0.04	0.89	0.02	0.09	1	0	0	0.45	0.2	0.05	0.3
9655.106616		0.3	0	0.12	0	0.58	0.99	0	0	0	0.01	0	0	1	0	0	0.999519	0.000123703	0.000356862	0.97	0	0.03	0.93	0.01	0.06	1	0	0	0.45	0.2	0.05	0.3
6287.089537		0.3	0	0.1	0	0.6	0.99	0	0	0	0.01	0	0	1	0	0	0.999842	4.47E-05	0.000113073	0.98	0	0.02	0.96	0	0.04	1	0	0	0.45	0.2	0.05	0.3
1693.007408		0.3	0	0.08	0	0.62	0.99	0	0	0	0.01	0	0	1	0	0	0.999981	5.23E-06	1.38E-05	0.99	0	0.01	0.99	0	0.01	1	0	0	0.45	0.2	0.05	0.3
175.1112652		0.3	0	0.06	0	0.64	0.99	0	0	0	0.01	0	0	1	0	0	0.999998	3.12E-07	2.02E-06	1	0	0	1	0	0	1	0	0	0.45	0.2	0.05	0.3
5.090952498		0.3	0	0.04	0	0.66	0.99	0	0	0	0.01	0	0	1	0	0	0.999999	4.57E-08	6.82E-07	1	0	0	1	0	0	1	0	0	0.45	0.2	0.05	0.3
FL,1,L																																
0		1	0	0	0	0	1	0	0	0	0	0	0	1	0	0	0.684168	0.0845507	0.231281	1	0	0	1	0	0	1	0	0	0.45	0.2	0.05	0.3
8183.097756		0.9	0	0.03	0	0.07	0.97	0	0.01	0.01	0.01	0	0	0.98	0.01	0.01	0.582088	0.114305	0.303607	0.86	0.02	0.12	0.9	0.01	0.09	0.85	0.12	0.03	0.45	0.2	0.05	0.3
41002.23555		0.8	0	0.06	0	0.14	0.94	0	0.01	0.01	0.02	0.01	0.01	0.98	0.01	0.01	0.645244	0.076901	0.277855	0.9	0.01	0.09	0.82	0.02	0.16	0.75	0.2	0.05	0.45	0.2	0.05	0.3
76393.11965		0.7	0	0.08	0	0.22	0.93	0	0.01	0.01	0.03	0.01	0.01	0.98	0.01	0.01	0.711213	0.060637	0.22815	0.92	0.01	0.07	0.75	0.03	0.22	0.7	0.24	0.06	0.45	0.2	0.05	0.3
86605.73144		0.6	0	0.1	0	0.3	0.92	0	0.01	0.01	0.04	0.01	0.01	0.98	0.01	0.01	0.781614	0.0455325	0.172853	0.93	0.01	0.06	0.75	0.03	0.22	0.75	0.2	0.05	0.45	0.2	0.05	0.3
78478.94704		0.5	0	0.12	0	0.38	0.93	0	0.01	0.01	0.03	0.01	0.01	0.98	0.01	0.01	0.847123	0.0317089	0.121168	0.93	0.01	0.06	0.75	0.03	0.22	0.85	0.12	0.03	0.45	0.2	0.05	0.3
67119.2163		0.45	0	0.13	0	0.42	0.94	0	0.01	0.01	0.02	0.01	0.01	0.98	0.01	0.01	0.901515	0.0203364	0.078149	0.93	0.01	0.06	0.75	0.03	0.22	0.95	0.04	0.01	0.45	0.2	0.05	0.3
64864.83786		0.4	0	0.14	0	0.46	0.97	0	0	0	0.02	0	0.01	0.99	0	0.01	0.941006	0.0121337	0.0468608	0.93	0.01	0.06	0.75	0.03	0.22	0.98	0.02	0	0.45	0.2	0.05	0.3
52524.83182		0.35	0	0.15	0	0.5	0.97	0	0	0	0.02	0	0.01	0.99	0	0.01	0.965761	0.00701794	0.0272212	0.94	0	0.06	0.8	0.02	0.18	1	0	0	0.45	0.2	0.05	0.3
41618.57661		0.3	0	0.16	0	0.54	0.97	0	0	0	0.02	0	0.01	1	0	0	0.980866	0.00390834	0.0152252	0.95	0	0.05	0.85	0.02	0.13	1	0	0	0.45	0.2	0.05	0.3
27460.65615		0.3	0	0.14	0	0.56	0.99	0	0	0	0.01	0	0	1	0	0	0.989489	0.00213938	0.00837211	0.96	0	0.04	0.89	0.02	0.09	1	0	0	0.45	0.2	0.05	0.3
21420.53539		0.3	0	0.12	0	0.58	0.99	0	0	0	0.01	0	0	1	0	0	0.994343	0.00114862	0.00450833	0.97	0	0.03	0.93	0.01	0.06	1	0	0	0.45	0.2	0.05	0.3
11738.3475		0.3	0	0.1	0	0.6	0.99	0	0	0	0.01	0	0	1	0	0	0.997121	0.000583539	0.00229577	0.98	0	0.02	0.96	0	0.04	1	0	0	0.45	0.2	0.05	0.3
2772.63992		0.3	0	0.08	0	0.62	0.99	0	0	0	0.01	0	0	1	0	0	0.998684	0.000265075	0.00105073	0.99	0	0.01	0.99	0	0.01	1	0	0	0.45	0.2	0.05	0.3
265.1032494		0.3	0	0.06	0	0.64	0.99	0	0	0	0.01	0	0	1	0	0	0.999412	0.000117168	0.000470354	1	0	0	1	0	0	1	0	0	0.45	0.2	0.05	0.3
8.637292328		0.3	0	0.04	0	0.66	0.99	0	0	0	0.01	0	0	1	0	0	0.999716	5.63E-05	0.000227768	1	0	0	1	0	0	1	0	0	0.45	0.2	0.05	0.3
FL,2,L																																
0		1	0	0	0	0	1	0	0	0	0	0	0	1	0	0	1	0	0	1	0	0	1	0	0	1	0	0	0.45	0.2	0.05	0.3
48447.33654		0.9	0	0.03	0	0.07	0.97	0	0.01	0.01	0.01	0	0	0.98	0.01	0.01	0.998171	0.000279186	0.00155026	0.86	0.02	0.12	0.9	0.01	0.09	0.85	0.12	0.03	0.45	0.2	0.05	0.3
242750.2596		0.8	0	0.06	0	0.14	0.94	0	0.01	0.01	0.02	0.01	0.01	0.98	0.01	0.01	0.998762	0.00010094	0.0011368	0.9	0.01	0.09	0.82	0.02	0.16	0.75	0.2	0.05	0.45	0.2	0.05	0.3
452278.9886		0.7	0	0.08	0	0.22	0.93	0	0.01	0.01	0.03	0.01	0.01	0.98	0.01	0.01	0.999249	5.36E-05	0.000697108	0.92	0.01	0.07	0.75	0.03	0.22	0.7	0.24	0.06	0.45	0.2	0.05	0.3
512741.891		0.6	0	0.1	0	0.3	0.92	0	0.01	0.01	0.04	0.01	0.01	0.98	0.01	0.01	0.999607	2.79E-05	0.000365604	0.93	0.01	0.06	0.75	0.03	0.22	0.75	0.2	0.05	0.45	0.2	0.05	0.3
464627.9529		0.5	0	0.12	0	0.38	0.93	0	0.01	0.01	0.03	0.01	0.01	0.98	0.01	0.01	0.999809	1.40E-05	0.00017718	0.93	0.01	0.06	0.75	0.03	0.22	0.85	0.12	0.03	0.45	0.2	0.05	0.3
397373.63		0.45	0	0.13	0	0.42	0.94	0	0.01	0.01	0.02	0.01	0.01	0.98	0.01	0.01	0.99991	7.13E-06	8.30E-05	0.93	0.01	0.06	0.75	0.03	0.22	0.95	0.04	0.01	0.45	0.2	0.05	0.3
384026.7736		0.4	0	0.14	0	0.46	0.97	0	0	0	0.02	0	0.01	0.99	0	0.01	0.999957	3.87E-06	3.93E-05	0.93	0.01	0.06	0.75	0.03	0.22	0.98	0.02	0	0.45	0.2	0.05	0.3
310968.814		0.35	0	0.15	0	0.5	0.97	0	0	0	0.02	0	0.01	0.99	0	0.01	0.999977	2.33E-06	2.03E-05	0.94	0	0.06	0.8	0.02	0.18	1	0	0	0.45	0.2	0.05	0.3
246399.2546		0.3	0	0.16	0	0.54	0.97	0	0	0	0.02	0	0.01	1	0	0	0.999987	1.47E-06	1.12E-05	0.95	0	0.05	0.85	0.02	0.13	1	0	0	0.45	0.2	0.05	0.3
162578.4867		0.3	0	0.14	0	0.56	0.99	0	0	0	0.01	0	0	1	0	0	0.999993	9.53E-07	6.45E-06	0.96	0	0.04	0.89	0.02	0.09	1	0	0	0.45	0.2	0.05	0.3
126818.4638		0.3	0	0.12	0	0.58	0.99	0	0	0	0.01	0	0	1	0	0	0.999996	5.76E-07	3.33E-06	0.97	0	0.03	0.93	0.01	0.06	1	0	0	0.45	0.2	0.05	0.3
69495.89126		0.3	0	0.1	0	0.6	0.99	0	0	0	0.01	0	0	1	0	0	0.999998	2.64E-07	1.29E-06	0.98	0	0.02	0.96	0	0.04	1	0	0	0.45	0.2	0.05	0.3
16415.1796		0.3	0	0.08	0	0.62	0.99	0	0	0	0.01	0	0	1	0	0	1	9.20E-08	3.96E-07	0.99	0	0.01	0.99	0	0.01	1	0	0	0.45	0.2	0.05	0.3
1569.521314		0.3	0	0.06	0	0.64	0.99	0	0	0	0.01	0	0	1	0	0	1	2.87E-08	1.20E-07	1	0	0	1	0	0	1	0	0	0.45	0.2	0.05	0.3
51.136357		0.3	0	0.04	0	0.66	0.99	0	0	0	0.01	0	0	1	0	0	1	8.73E-09	3.65E-08	1	0	0	1	0	0	1	0	0	0.45	0.2	0.05	0.3
MaleChild, FemChild																																
520301.259	512009.5638																															
503866.3995	498778.1843																															
488610.7396	485694.9339																															
471370.7734	470525.3717																															
452217.3347	453267.1954																															
434183.0866	436909.4366																															
419448.4948	423441.3757																															
410045.9425	414778.3573
404525.7609	409728.5661
400460.0208	406234.4761
MaleBirthPropn	
0.503886747