394761.620608933000000000	401368.329571339000000000
386418.289938177000000000	393833.197097208000000000
374425.954650797000000000	382509.739852175000000000
360391.028353568000000000	368743.437031513000000000
346399.509899361000000000	354255.035394231000000000
334789.717127169000000000	341606.908284203000000000
326492.001362817000000000	332350.681575923000000000
322412.947048727000000000	327615.619933103000000000
321103.029242364000000000	325857.436604661000000000
320316.891633511000000000	324864.910300415000000000
318357.051562184000000000	322560.177731246000000000
315189.912440719000000000	318471.984340648000000000
309996.224760546000000000	311662.255190697000000000
303016.937213977000000000	302806.734502162000000000
295434.905778066000000000	293503.594096509000000000
287543.790416794000000000	284548.796260295000000000
278514.637686999000000000	275309.564973844000000000
268416.095772597000000000	265962.045274269000000000
257712.451978222000000000	256552.598077028000000000
246740.155350374000000000	246982.430909609000000000
236035.296610348000000000	237300.207055780000000000
226013.220985042000000000	227722.006531317000000000
216941.433013416000000000	218336.689125531000000000
208533.186113795000000000	209137.231843401000000000
200536.429177941000000000	200309.892449842000000000
192394.133872670000000000	191645.551523909000000000
183719.802640901000000000	182775.706452611000000000
174272.426941375000000000	173597.860613635000000000
164509.553104739000000000	164498.272947886000000000
154553.308985359000000000	155189.826909082000000000
145508.782064451000000000	146851.604628059000000000
138633.805256515000000000	141247.909071726000000000
134658.687100620000000000	139277.579344085000000000
132818.296882008000000000	139968.902705593000000000
132130.189955752000000000	141955.439869592000000000
131214.249135819000000000	143219.507352797000000000
129051.122564020000000000	142873.138966114000000000
124804.468628582000000000	139759.931319953000000000
119025.833986509000000000	134556.084276994000000000
112854.059008788000000000	128732.145306709000000000
107646.333826965000000000	123223.531480815000000000
103119.485866024000000000	118661.005043291000000000
99743.062744713900000000	115467.389970151000000000
97242.383688074100000000	113276.494765380000000000
95209.605069493600000000	111612.388484598000000000
92923.562771784800000000	109478.853383210000000000
89933.002199974600000000	106161.385584065000000000
85734.528291254000000000	100985.019759372000000000
80595.893164326300000000	94401.215045367400000000
74811.918475214700000000	86876.346826087700000000
69319.612321774200000000	79772.396594453000000000
64983.546703462100000000	74341.720192496200000000
62657.586912354700000000	71737.084902485600000000
62020.608447654000000000	71439.783881987600000000
62154.818339576300000000	72141.650213784700000000
62009.585044493000000000	72458.460998212100000000
60663.582160320200000000	71261.964795707100000000
57522.262226313600000000	67892.996845266500000000
54558.494581945600000000	64831.518989238100000000
51358.805374342600000000	61999.297828480100000000
46571.516090021200000000	56881.023463116400000000
42130.899429572000000000	51530.819074166800000000
37888.383007391500000000	46475.244236949200000000
33855.072810830500000000	41613.789000088600000000
25482.981837227500000000	32152.965015637100000000
18554.577388484800000000	24232.004539004300000000
13146.752297867800000000	17846.573888809500000000
9047.661083895110000000		12817.721931189600000000
6036.114312548640000000		8956.436391001450000000
3895.854882347900000000		6072.525963547650000000
2427.448445757170000000		3982.921518990650000000
1456.854218796480000000		2518.584619461210000000
840.107401605812000000		1529.647417125590000000
464.233165007766000000		888.607203352184000000
245.097615296261000000		491.583697712087000000
123.246500607767000000		257.803834092620000000
58.837975743722100000		127.608850793830000000
26.590013533892000000		59.386450683652300000
11.349550893360100000		25.908849007994200000
4.569958195403280000		10.581045339326000000
1.735665313455840000		4.045890153667320000
